2019-04-12T17:16:56Z,36.196223,-85.538605,0.00,0.00
2019-04-12T17:16:56Z,36.196223,-85.538605,0.00,357.42
2019-04-12T17:16:56Z,36.196223,-85.538605,0.00,357.42
2019-04-12T17:16:56Z,36.196223,-85.538605,0.00,357.42
2019-04-12T17:16:56Z,36.196223,-85.538605,0.00,357.42
2019-04-12T17:16:56Z,36.196223,-85.538605,0.01,126.12
2019-04-12T17:16:56Z,36.196223,-85.538605,0.01,126.12
2019-04-12T17:16:57Z,36.196223,-85.538605,0.01,251.39
2019-04-12T17:16:57Z,36.196223,-85.538605,0.01,251.39
2019-04-12T17:16:57Z,36.196223,-85.538605,0.01,119.00
2019-04-12T17:16:57Z,36.196223,-85.538605,0.01,119.00
2019-04-12T17:16:57Z,36.196223,-85.538605,0.01,242.40
2019-04-12T17:16:57Z,36.196223,-85.538605,0.01,242.40
2019-04-12T17:16:57Z,36.196223,-85.538605,0.01,293.16
2019-04-12T17:16:57Z,36.196223,-85.538605,0.01,293.16
2019-04-12T17:16:57Z,36.196223,-85.538605,0.01,18.22
2019-04-12T17:16:57Z,36.196223,-85.538605,0.01,18.22
2019-04-12T17:16:57Z,36.196223,-85.538605,0.00,306.71
2019-04-12T17:16:58Z,36.196223,-85.538605,0.00,306.71
2019-04-12T17:16:58Z,36.196223,-85.538605,0.01,288.66
2019-04-12T17:16:58Z,36.196223,-85.538605,0.01,288.66
2019-04-12T17:16:58Z,36.196223,-85.538605,0.02,133.45
2019-04-12T17:16:58Z,36.196223,-85.538605,0.02,133.45
2019-04-12T17:16:58Z,36.196223,-85.538605,0.02,25.88
2019-04-12T17:16:58Z,36.196223,-85.538605,0.02,25.88
2019-04-12T17:16:58Z,36.196223,-85.538605,0.01,290.75
2019-04-12T17:16:58Z,36.196223,-85.538605,0.01,290.75
2019-04-12T17:16:58Z,36.196223,-85.538605,0.01,140.30
2019-04-12T17:16:59Z,36.196223,-85.538605,0.01,140.30
2019-04-12T17:16:59Z,36.196223,-85.538605,0.01,50.78
2019-04-12T17:16:59Z,36.196223,-85.538605,0.01,50.78
2019-04-12T17:16:59Z,36.196223,-85.538605,0.01,294.73
2019-04-12T17:16:59Z,36.196223,-85.538605,0.01,294.73
2019-04-12T17:16:59Z,36.196223,-85.538605,0.00,118.81
2019-04-12T17:16:59Z,36.196223,-85.538605,0.00,118.81
2019-04-12T17:16:59Z,36.196223,-85.538605,0.01,351.57
2019-04-12T17:16:59Z,36.196223,-85.538605,0.01,351.57
2019-04-12T17:16:59Z,36.196223,-85.538605,0.02,211.01
2019-04-12T17:16:59Z,36.196223,-85.538605,0.02,211.01
2019-04-12T17:17:00Z,36.196223,-85.538605,0.02,160.17
2019-04-12T17:17:00Z,36.196223,-85.538605,0.02,160.17
2019-04-12T17:17:00Z,36.196223,-85.538605,0.01,35.38
2019-04-12T17:17:00Z,36.196223,-85.538605,0.01,35.38
2019-04-12T17:17:00Z,36.196223,-85.538605,0.01,354.26
2019-04-12T17:17:00Z,36.196223,-85.538605,0.01,354.26
2019-04-12T17:17:00Z,36.196223,-85.538605,0.01,86.94
2019-04-12T17:17:00Z,36.196223,-85.538605,0.01,86.94
2019-04-12T17:17:00Z,36.196223,-85.538605,0.01,289.91
2019-04-12T17:17:00Z,36.196223,-85.538605,0.01,289.91
2019-04-12T17:17:01Z,36.196223,-85.538605,0.01,257.21
2019-04-12T17:17:01Z,36.196223,-85.538605,0.01,257.21
2019-04-12T17:17:01Z,36.196223,-85.538605,0.01,107.63
2019-04-12T17:17:01Z,36.196223,-85.538605,0.01,107.63
2019-04-12T17:17:01Z,36.196223,-85.538605,0.01,44.79
2019-04-12T17:17:01Z,36.196223,-85.538605,0.01,44.79
2019-04-12T17:17:01Z,36.196223,-85.538605,0.00,68.13
2019-04-12T17:17:01Z,36.196223,-85.538605,0.00,68.13
2019-04-12T17:17:01Z,36.196223,-85.538605,0.01,262.28
2019-04-12T17:17:01Z,36.196223,-85.538605,0.01,262.28
2019-04-12T17:17:02Z,36.196223,-85.538605,0.01,32.50
2019-04-12T17:17:02Z,36.196223,-85.538605,0.01,32.50
2019-04-12T17:17:02Z,36.196223,-85.538605,0.01,160.91
2019-04-12T17:17:02Z,36.196223,-85.538605,0.01,160.91
2019-04-12T17:17:02Z,36.196223,-85.538605,0.01,12.14
2019-04-12T17:17:02Z,36.196223,-85.538605,0.01,12.14
2019-04-12T17:17:02Z,36.196223,-85.538605,0.00,161.16
2019-04-12T17:17:02Z,36.196223,-85.538605,0.00,161.16
2019-04-12T17:17:02Z,36.196223,-85.538605,0.00,290.74
2019-04-12T17:17:02Z,36.196223,-85.538605,0.00,290.74
2019-04-12T17:17:03Z,36.196223,-85.538605,0.00,272.06
2019-04-12T17:17:03Z,36.196223,-85.538605,0.00,272.06
2019-04-12T17:17:03Z,36.196223,-85.538605,0.00,0.00
2019-04-12T17:17:03Z,36.196223,-85.538605,0.00,0.00
2019-04-12T17:17:03Z,36.196223,-85.538605,0.01,126.29
2019-04-12T17:17:03Z,36.196223,-85.538605,0.01,126.29
2019-04-12T17:17:03Z,36.196223,-85.538605,0.00,59.51
2019-04-12T17:17:03Z,36.196223,-85.538605,0.00,59.51
2019-04-12T17:17:03Z,36.196223,-85.538605,0.00,294.04
2019-04-12T17:17:03Z,36.196223,-85.538605,0.00,294.04
2019-04-12T17:17:04Z,36.196223,-85.538605,0.01,336.14
2019-04-12T17:17:04Z,36.196223,-85.538605,0.01,336.14
2019-04-12T17:17:04Z,36.196223,-85.538605,0.01,215.77
2019-04-12T17:17:04Z,36.196223,-85.538605,0.01,215.77
2019-04-12T17:17:04Z,36.196223,-85.538605,0.01,90.51
2019-04-12T17:17:04Z,36.196223,-85.538605,0.01,90.51
2019-04-12T17:17:04Z,36.196223,-85.538605,0.00,223.63
2019-04-12T17:17:04Z,36.196223,-85.538605,0.00,223.63
2019-04-12T17:17:04Z,36.196223,-85.538605,0.01,306.60
2019-04-12T17:17:04Z,36.196223,-85.538605,0.01,306.60
2019-04-12T17:17:05Z,36.196223,-85.538605,0.01,175.25
2019-04-12T17:17:05Z,36.196223,-85.538605,0.01,175.25
2019-04-12T17:17:05Z,36.196223,-85.538605,0.02,29.40
2019-04-12T17:17:05Z,36.196223,-85.538605,0.02,29.40
2019-04-12T17:17:05Z,36.196223,-85.538605,0.00,235.12
2019-04-12T17:17:05Z,36.196223,-85.538605,0.00,235.12
2019-04-12T17:17:05Z,36.196223,-85.538605,0.01,170.68
2019-04-12T17:17:05Z,36.196223,-85.538605,0.01,170.68
2019-04-12T17:17:05Z,36.196223,-85.538605,0.01,249.02
2019-04-12T17:17:05Z,36.196223,-85.538605,0.01,249.02
2019-04-12T17:17:06Z,36.196223,-85.538605,0.00,177.55
2019-04-12T17:17:06Z,36.196223,-85.538605,0.00,177.55
2019-04-12T17:17:06Z,36.196223,-85.538605,0.00,29.36
2019-04-12T17:17:06Z,36.196223,-85.538605,0.00,29.36
2019-04-12T17:17:06Z,36.196223,-85.538605,0.01,6.10
2019-04-12T17:17:06Z,36.196223,-85.538605,0.01,6.10
2019-04-12T17:17:06Z,36.196223,-85.538605,0.01,239.34
2019-04-12T17:17:06Z,36.196223,-85.538605,0.01,239.34
2019-04-12T17:17:06Z,36.196223,-85.538605,0.00,335.43
2019-04-12T17:17:06Z,36.196223,-85.538605,0.00,335.43
2019-04-12T17:17:07Z,36.196223,-85.538605,0.01,184.07
2019-04-12T17:17:07Z,36.196223,-85.538605,0.01,184.07
2019-04-12T17:17:07Z,36.196223,-85.538605,0.01,53.56
2019-04-12T17:17:07Z,36.196223,-85.538605,0.01,53.56
2019-04-12T17:17:07Z,36.196223,-85.538605,0.01,241.53
2019-04-12T17:17:07Z,36.196223,-85.538605,0.01,241.53
2019-04-12T17:17:07Z,36.196223,-85.538605,0.01,28.42
2019-04-12T17:17:07Z,36.196223,-85.538605,0.01,28.42
2019-04-12T17:17:07Z,36.196223,-85.538605,0.00,220.48
2019-04-12T17:17:07Z,36.196223,-85.538605,0.00,220.48
2019-04-12T17:17:08Z,36.196223,-85.538605,0.00,156.64
2019-04-12T17:17:08Z,36.196223,-85.538605,0.00,156.64
2019-04-12T17:17:08Z,36.196223,-85.538605,0.00,268.94
2019-04-12T17:17:08Z,36.196223,-85.538605,0.00,268.94
2019-04-12T17:17:08Z,36.196223,-85.538605,0.01,171.47
2019-04-12T17:17:08Z,36.196223,-85.538605,0.01,171.47
2019-04-12T17:17:08Z,36.196223,-85.538605,0.01,59.01
2019-04-12T17:17:08Z,36.196223,-85.538605,0.01,59.01
2019-04-12T17:17:08Z,36.196223,-85.538605,0.01,105.43
2019-04-12T17:17:08Z,36.196223,-85.538605,0.01,105.43
2019-04-12T17:17:09Z,36.196223,-85.538605,0.01,224.19
2019-04-12T17:17:09Z,36.196223,-85.538605,0.01,224.19
2019-04-12T17:17:09Z,36.196223,-85.538605,0.01,288.08
2019-04-12T17:17:09Z,36.196223,-85.538605,0.01,288.08
2019-04-12T17:17:09Z,36.196223,-85.538605,0.00,191.52
2019-04-12T17:17:09Z,36.196223,-85.538605,0.00,191.52
2019-04-12T17:17:09Z,36.196223,-85.538605,0.00,166.46
2019-04-12T17:17:09Z,36.196223,-85.538605,0.00,166.46
2019-04-12T17:17:09Z,36.196223,-85.538605,0.00,128.12
2019-04-12T17:17:09Z,36.196223,-85.538605,0.00,128.12
2019-04-12T17:17:10Z,36.196223,-85.538605,0.00,336.50
2019-04-12T17:17:10Z,36.196223,-85.538605,0.00,336.50
2019-04-12T17:17:10Z,36.196223,-85.538605,0.00,32.66
2019-04-12T17:17:10Z,36.196223,-85.538603,0.00,32.66
2019-04-12T17:17:10Z,36.196223,-85.538603,0.00,247.38
2019-04-12T17:17:10Z,36.196223,-85.538603,0.00,247.38
2019-04-12T17:17:10Z,36.196223,-85.538603,0.00,130.03
2019-04-12T17:17:10Z,36.196223,-85.538603,0.00,130.03
2019-04-12T17:17:10Z,36.196223,-85.538603,0.01,17.50
2019-04-12T17:17:10Z,36.196223,-85.538603,0.01,17.50
2019-04-12T17:17:11Z,36.196223,-85.538603,0.01,120.18
2019-04-12T17:17:11Z,36.196223,-85.538603,0.01,120.18
2019-04-12T17:17:11Z,36.196223,-85.538603,0.01,234.85
2019-04-12T17:17:11Z,36.196223,-85.538603,0.01,234.85
2019-04-12T17:17:11Z,36.196223,-85.538603,0.00,241.76
2019-04-12T17:17:11Z,36.196223,-85.538603,0.00,241.76
2019-04-12T17:17:11Z,36.196223,-85.538603,0.01,50.54
2019-04-12T17:17:11Z,36.196223,-85.538602,0.01,50.54
2019-04-12T17:17:11Z,36.196223,-85.538602,0.01,82.56
2019-04-12T17:17:11Z,36.196223,-85.538602,0.01,82.56
2019-04-12T17:17:12Z,36.196223,-85.538602,0.01,295.34
2019-04-12T17:17:12Z,36.196223,-85.538602,0.01,295.34
2019-04-12T17:17:12Z,36.196223,-85.538602,0.01,191.20
2019-04-12T17:17:12Z,36.196223,-85.538602,0.01,191.20
2019-04-12T17:17:12Z,36.196223,-85.538602,0.01,18.81
2019-04-12T17:17:12Z,36.196223,-85.538602,0.01,18.81
2019-04-12T17:17:12Z,36.196223,-85.538602,0.00,202.97
2019-04-12T17:17:12Z,36.196223,-85.538602,0.00,202.97
2019-04-12T17:17:12Z,36.196223,-85.538602,0.01,273.22
2019-04-12T17:17:12Z,36.196223,-85.538602,0.01,273.22
2019-04-12T17:17:13Z,36.196223,-85.538602,0.01,72.59
2019-04-12T17:17:13Z,36.196223,-85.538602,0.01,72.59
2019-04-12T17:17:13Z,36.196223,-85.538602,0.00,0.00
2019-04-12T17:17:13Z,36.196222,-85.538602,0.00,0.00
2019-04-12T17:17:13Z,36.196222,-85.538602,0.01,224.32
2019-04-12T17:17:13Z,36.196222,-85.538602,0.01,224.32
2019-04-12T17:17:13Z,36.196222,-85.538602,0.01,43.67
2019-04-12T17:17:13Z,36.196222,-85.538602,0.01,43.67
2019-04-12T17:17:13Z,36.196222,-85.538602,0.01,33.47
2019-04-12T17:17:13Z,36.196222,-85.538602,0.01,33.47
2019-04-12T17:17:14Z,36.196222,-85.538602,0.00,42.88
2019-04-12T17:17:14Z,36.196222,-85.538602,0.00,42.88
2019-04-12T17:17:14Z,36.196222,-85.538602,0.02,191.72
2019-04-12T17:17:14Z,36.196222,-85.538602,0.02,191.72
2019-04-12T17:17:14Z,36.196222,-85.538602,0.00,97.44
2019-04-12T17:17:14Z,36.196222,-85.538602,0.00,97.44
2019-04-12T17:17:14Z,36.196222,-85.538602,0.00,283.47
2019-04-12T17:17:14Z,36.196222,-85.538602,0.00,283.47
2019-04-12T17:17:14Z,36.196222,-85.538602,0.00,76.37
2019-04-12T17:17:14Z,36.196222,-85.538602,0.00,76.37
2019-04-12T17:17:15Z,36.196222,-85.538602,0.01,228.51
2019-04-12T17:17:15Z,36.196222,-85.538600,0.01,228.51
2019-04-12T17:17:15Z,36.196222,-85.538600,0.02,52.80
2019-04-12T17:17:15Z,36.196222,-85.538600,0.02,52.80
2019-04-12T17:17:15Z,36.196222,-85.538600,0.01,208.70
2019-04-12T17:17:15Z,36.196222,-85.538600,0.01,208.70
2019-04-12T17:17:15Z,36.196222,-85.538600,0.00,241.77
2019-04-12T17:17:15Z,36.196222,-85.538600,0.00,241.77
2019-04-12T17:17:15Z,36.196222,-85.538600,0.00,312.32
2019-04-12T17:17:15Z,36.196222,-85.538600,0.00,312.32
2019-04-12T17:17:16Z,36.196222,-85.538600,0.00,125.67
2019-04-12T17:17:16Z,36.196222,-85.538600,0.00,125.67
2019-04-12T17:17:16Z,36.196222,-85.538600,0.01,154.81
2019-04-12T17:17:16Z,36.196222,-85.538600,0.01,154.81
2019-04-12T17:17:16Z,36.196222,-85.538600,0.00,92.68
2019-04-12T17:17:16Z,36.196222,-85.538600,0.00,92.68
2019-04-12T17:17:16Z,36.196222,-85.538600,0.01,329.97
2019-04-12T17:17:16Z,36.196222,-85.538600,0.01,329.97
2019-04-12T17:17:16Z,36.196222,-85.538600,0.00,243.73
2019-04-12T17:17:16Z,36.196222,-85.538598,0.00,243.73
2019-04-12T17:17:17Z,36.196222,-85.538598,0.00,40.36
2019-04-12T17:17:17Z,36.196222,-85.538598,0.00,40.36
2019-04-12T17:17:17Z,36.196222,-85.538598,0.01,255.58
2019-04-12T17:17:17Z,36.196222,-85.538598,0.01,255.58
2019-04-12T17:17:17Z,36.196222,-85.538598,0.01,14.43
2019-04-12T17:17:17Z,36.196222,-85.538598,0.01,14.43
2019-04-12T17:17:17Z,36.196222,-85.538598,0.01,159.98
2019-04-12T17:17:17Z,36.196220,-85.538598,0.01,159.98
2019-04-12T17:17:17Z,36.196220,-85.538598,0.00,154.03
2019-04-12T17:17:17Z,36.196220,-85.538598,0.00,154.03
2019-04-12T17:17:18Z,36.196220,-85.538598,0.00,10.99
2019-04-12T17:17:18Z,36.196220,-85.538598,0.00,10.99
2019-04-12T17:17:18Z,36.196220,-85.538598,0.00,219.43
2019-04-12T17:17:18Z,36.196220,-85.538598,0.00,219.43
2019-04-12T17:17:18Z,36.196220,-85.538598,0.00,89.98
2019-04-12T17:17:18Z,36.196222,-85.538598,0.00,89.98
2019-04-12T17:17:18Z,36.196222,-85.538598,0.00,17.36
2019-04-12T17:17:18Z,36.196222,-85.538598,0.00,17.36
2019-04-12T17:17:18Z,36.196222,-85.538598,0.00,266.77
2019-04-12T17:17:18Z,36.196220,-85.538598,0.00,266.77
2019-04-12T17:17:19Z,36.196220,-85.538598,0.00,178.86
2019-04-12T17:17:19Z,36.196220,-85.538598,0.00,178.86
2019-04-12T17:17:19Z,36.196220,-85.538598,0.01,199.22
2019-04-12T17:17:19Z,36.196222,-85.538597,0.01,199.22
2019-04-12T17:17:19Z,36.196222,-85.538597,0.01,62.52
2019-04-12T17:17:19Z,36.196222,-85.538597,0.01,62.52
2019-04-12T17:17:19Z,36.196222,-85.538597,0.00,19.31
2019-04-12T17:17:19Z,36.196220,-85.538597,0.00,19.31
2019-04-12T17:17:19Z,36.196220,-85.538597,0.02,150.90
2019-04-12T17:17:19Z,36.196220,-85.538597,0.02,150.90
2019-04-12T17:17:20Z,36.196220,-85.538597,0.02,282.93
2019-04-12T17:17:20Z,36.196222,-85.538597,0.02,282.93
2019-04-12T17:17:20Z,36.196222,-85.538597,0.01,37.89
2019-04-12T17:17:20Z,36.196222,-85.538597,0.01,37.89
2019-04-12T17:17:20Z,36.196222,-85.538597,0.01,236.36
2019-04-12T17:17:20Z,36.196222,-85.538597,0.01,236.36
2019-04-12T17:17:20Z,36.196222,-85.538597,0.01,55.57
2019-04-12T17:17:20Z,36.196222,-85.538597,0.01,55.57
2019-04-12T17:17:20Z,36.196222,-85.538597,0.00,94.15
2019-04-12T17:17:20Z,36.196222,-85.538597,0.00,94.15
2019-04-12T17:17:21Z,36.196222,-85.538597,0.00,223.11
2019-04-12T17:17:21Z,36.196222,-85.538597,0.00,223.11
2019-04-12T17:17:21Z,36.196222,-85.538597,0.00,205.66
2019-04-12T17:17:21Z,36.196222,-85.538597,0.00,205.66
2019-04-12T17:17:21Z,36.196222,-85.538597,0.00,204.84
2019-04-12T17:17:21Z,36.196222,-85.538595,0.00,204.84
2019-04-12T17:17:21Z,36.196222,-85.538595,0.00,348.21
2019-04-12T17:17:21Z,36.196222,-85.538595,0.00,348.21
2019-04-12T17:17:21Z,36.196222,-85.538595,0.00,330.82
2019-04-12T17:17:21Z,36.196222,-85.538595,0.00,330.82
2019-04-12T17:17:22Z,36.196222,-85.538595,0.00,103.19
2019-04-12T17:17:22Z,36.196222,-85.538595,0.00,103.19
2019-04-12T17:17:22Z,36.196222,-85.538595,0.00,234.00
2019-04-12T17:17:22Z,36.196222,-85.538595,0.00,234.00
2019-04-12T17:17:22Z,36.196222,-85.538595,0.00,190.22
2019-04-12T17:17:22Z,36.196222,-85.538595,0.00,190.22
2019-04-12T17:17:22Z,36.196222,-85.538595,0.01,41.85
2019-04-12T17:17:22Z,36.196222,-85.538595,0.01,41.85
2019-04-12T17:17:22Z,36.196222,-85.538595,0.01,225.20
2019-04-12T17:17:22Z,36.196222,-85.538595,0.01,225.20
2019-04-12T17:17:23Z,36.196222,-85.538595,0.01,56.86
2019-04-12T17:17:23Z,36.196222,-85.538595,0.01,56.86
2019-04-12T17:17:23Z,36.196222,-85.538595,0.00,266.11
2019-04-12T17:17:23Z,36.196222,-85.538595,0.00,266.11
2019-04-12T17:17:23Z,36.196222,-85.538595,0.01,212.36
2019-04-12T17:17:23Z,36.196220,-85.538595,0.01,212.36
2019-04-12T17:17:23Z,36.196220,-85.538595,0.01,111.65
2019-04-12T17:17:23Z,36.196222,-85.538595,0.01,111.65
2019-04-12T17:17:23Z,36.196222,-85.538595,0.01,354.14
2019-04-12T17:17:23Z,36.196220,-85.538595,0.01,354.14
2019-04-12T17:17:24Z,36.196220,-85.538595,0.00,298.96
2019-04-12T17:17:24Z,36.196220,-85.538595,0.00,298.96
2019-04-12T17:17:24Z,36.196220,-85.538595,0.01,341.50
2019-04-12T17:17:24Z,36.196220,-85.538595,0.01,341.50
2019-04-12T17:17:24Z,36.196220,-85.538595,0.00,101.54
2019-04-12T17:17:24Z,36.196220,-85.538595,0.00,101.54
2019-04-12T17:17:24Z,36.196220,-85.538595,0.01,71.29
2019-04-12T17:17:24Z,36.196220,-85.538595,0.01,71.29
2019-04-12T17:17:24Z,36.196220,-85.538595,0.01,259.09
2019-04-12T17:17:24Z,36.196220,-85.538595,0.01,259.09
2019-04-12T17:17:25Z,36.196220,-85.538595,0.00,289.13
2019-04-12T17:17:25Z,36.196220,-85.538593,0.00,289.13
2019-04-12T17:17:25Z,36.196220,-85.538593,0.01,191.17
2019-04-12T17:17:25Z,36.196220,-85.538593,0.01,191.17
2019-04-12T17:17:25Z,36.196220,-85.538593,0.01,47.47
2019-04-12T17:17:25Z,36.196220,-85.538593,0.01,47.47
2019-04-12T17:17:25Z,36.196220,-85.538593,0.01,248.75
2019-04-12T17:17:25Z,36.196220,-85.538593,0.01,248.75
2019-04-12T17:17:25Z,36.196220,-85.538593,0.01,324.74
2019-04-12T17:17:25Z,36.196220,-85.538593,0.01,324.74
2019-04-12T17:17:26Z,36.196220,-85.538593,0.01,218.39
2019-04-12T17:17:26Z,36.196220,-85.538593,0.01,218.39
2019-04-12T17:17:26Z,36.196220,-85.538593,0.00,125.80
2019-04-12T17:17:26Z,36.196220,-85.538593,0.00,125.80
2019-04-12T17:17:26Z,36.196220,-85.538593,0.00,345.59
2019-04-12T17:17:26Z,36.196220,-85.538593,0.00,345.59
2019-04-12T17:17:26Z,36.196220,-85.538593,0.00,99.14
2019-04-12T17:17:26Z,36.196220,-85.538593,0.00,99.14
2019-04-12T17:17:26Z,36.196220,-85.538593,0.00,98.13
2019-04-12T17:17:26Z,36.196220,-85.538593,0.00,98.13
2019-04-12T17:17:27Z,36.196220,-85.538593,0.00,274.06
2019-04-12T17:17:27Z,36.196220,-85.538593,0.00,274.06
2019-04-12T17:17:27Z,36.196220,-85.538593,0.00,0.79
2019-04-12T17:17:27Z,36.196220,-85.538593,0.00,0.79
2019-04-12T17:17:27Z,36.196220,-85.538593,0.00,78.83
2019-04-12T17:17:27Z,36.196220,-85.538593,0.00,78.83
2019-04-12T17:17:27Z,36.196220,-85.538593,0.00,277.50
2019-04-12T17:17:27Z,36.196220,-85.538593,0.00,277.50
2019-04-12T17:17:27Z,36.196220,-85.538593,0.01,100.84
2019-04-12T17:17:27Z,36.196220,-85.538593,0.01,100.84
2019-04-12T17:17:28Z,36.196220,-85.538593,0.01,248.79
2019-04-12T17:17:28Z,36.196220,-85.538593,0.01,248.79
2019-04-12T17:17:28Z,36.196220,-85.538593,0.01,36.30
2019-04-12T17:17:28Z,36.196220,-85.538593,0.01,36.30
2019-04-12T17:17:28Z,36.196220,-85.538593,0.00,222.01
2019-04-12T17:17:28Z,36.196220,-85.538593,0.00,222.01
2019-04-12T17:17:28Z,36.196220,-85.538593,0.01,36.37
2019-04-12T17:17:28Z,36.196220,-85.538593,0.01,36.37
2019-04-12T17:17:28Z,36.196220,-85.538593,0.00,196.24
2019-04-12T17:17:28Z,36.196218,-85.538593,0.00,196.24
2019-04-12T17:17:29Z,36.196218,-85.538593,0.00,138.61
2019-04-12T17:17:29Z,36.196218,-85.538593,0.00,138.61
2019-04-12T17:17:29Z,36.196218,-85.538593,0.00,15.76
2019-04-12T17:17:29Z,36.196218,-85.538593,0.00,15.76
2019-04-12T17:17:29Z,36.196218,-85.538593,0.01,5.46
2019-04-12T17:17:29Z,36.196218,-85.538593,0.01,5.46
2019-04-12T17:17:29Z,36.196218,-85.538593,0.00,202.72
2019-04-12T17:17:29Z,36.196218,-85.538593,0.00,202.72
2019-04-12T17:17:29Z,36.196218,-85.538593,0.00,300.37
2019-04-12T17:17:29Z,36.196218,-85.538593,0.00,300.37
2019-04-12T17:17:30Z,36.196218,-85.538593,0.01,130.43
2019-04-12T17:17:30Z,36.196218,-85.538593,0.01,130.43
2019-04-12T17:17:30Z,36.196218,-85.538593,0.01,252.00
2019-04-12T17:17:30Z,36.196218,-85.538593,0.01,252.00
2019-04-12T17:17:30Z,36.196218,-85.538593,0.01,97.82
2019-04-12T17:17:30Z,36.196218,-85.538593,0.01,97.82
2019-04-12T17:17:30Z,36.196218,-85.538593,0.01,292.44
2019-04-12T17:17:30Z,36.196220,-85.538593,0.01,292.44
2019-04-12T17:17:30Z,36.196220,-85.538593,0.00,82.21
2019-04-12T17:17:30Z,36.196220,-85.538593,0.00,82.21
2019-04-12T17:17:31Z,36.196220,-85.538593,0.00,155.03
2019-04-12T17:17:31Z,36.196220,-85.538593,0.00,155.03
2019-04-12T17:17:31Z,36.196220,-85.538593,0.00,0.00
2019-04-12T17:17:31Z,36.196220,-85.538593,0.00,0.00
2019-04-12T17:17:31Z,36.196220,-85.538593,0.00,46.67
2019-04-12T17:17:31Z,36.196220,-85.538593,0.00,46.67
2019-04-12T17:17:31Z,36.196220,-85.538593,0.00,75.97
2019-04-12T17:17:31Z,36.196220,-85.538593,0.00,75.97
2019-04-12T17:17:31Z,36.196220,-85.538593,0.01,314.45
2019-04-12T17:17:31Z,36.196220,-85.538593,0.01,314.45
2019-04-12T17:17:32Z,36.196220,-85.538593,0.01,111.81
2019-04-12T17:17:32Z,36.196220,-85.538593,0.01,111.81
2019-04-12T17:17:32Z,36.196220,-85.538593,0.01,269.50
2019-04-12T17:17:32Z,36.196220,-85.538593,0.01,269.50
2019-04-12T17:17:32Z,36.196220,-85.538593,0.00,310.07
2019-04-12T17:17:32Z,36.196220,-85.538593,0.00,310.07
2019-04-12T17:17:32Z,36.196220,-85.538593,0.00,107.33
2019-04-12T17:17:32Z,36.196220,-85.538593,0.00,107.33
2019-04-12T17:17:32Z,36.196220,-85.538593,0.00,0.00
2019-04-12T17:17:32Z,36.196220,-85.538593,0.00,0.00
2019-04-12T17:17:33Z,36.196220,-85.538593,0.00,0.00
2019-04-12T17:17:33Z,36.196220,-85.538593,0.00,0.00
2019-04-12T17:17:33Z,36.196220,-85.538593,0.01,127.95
2019-04-12T17:17:33Z,36.196220,-85.538592,0.01,127.95
2019-04-12T17:17:33Z,36.196220,-85.538592,0.00,288.78
2019-04-12T17:17:33Z,36.196220,-85.538592,0.00,288.78
2019-04-12T17:17:33Z,36.196220,-85.538592,0.00,6.58
2019-04-12T17:17:33Z,36.196220,-85.538590,0.00,6.58
2019-04-12T17:17:33Z,36.196220,-85.538590,0.00,98.80
2019-04-12T17:17:33Z,36.196220,-85.538590,0.00,98.80
2019-04-12T17:17:34Z,36.196220,-85.538590,0.00,80.30
2019-04-12T17:17:34Z,36.196220,-85.538590,0.00,80.30
2019-04-12T17:17:34Z,36.196220,-85.538590,0.00,230.51
2019-04-12T17:17:34Z,36.196218,-85.538588,0.00,230.51
2019-04-12T17:17:34Z,36.196218,-85.538588,0.01,323.86
2019-04-12T17:17:34Z,36.196218,-85.538588,0.01,323.86
2019-04-12T17:17:34Z,36.196218,-85.538588,0.01,203.55
2019-04-12T17:17:34Z,36.196218,-85.538588,0.01,203.55
2019-04-12T17:17:34Z,36.196218,-85.538588,0.01,13.47
2019-04-12T17:17:34Z,36.196218,-85.538588,0.01,13.47
2019-04-12T17:17:35Z,36.196218,-85.538588,0.00,0.00
2019-04-12T17:17:35Z,36.196218,-85.538587,0.00,0.00
2019-04-12T17:17:35Z,36.196218,-85.538587,0.00,349.04
2019-04-12T17:17:35Z,36.196218,-85.538587,0.00,349.04
2019-04-12T17:17:35Z,36.196218,-85.538587,0.00,58.19
2019-04-12T17:17:35Z,36.196218,-85.538587,0.00,58.19
2019-04-12T17:17:35Z,36.196218,-85.538587,0.00,266.90
2019-04-12T17:17:35Z,36.196218,-85.538585,0.00,266.90
2019-04-12T17:17:35Z,36.196218,-85.538585,0.00,133.44
2019-04-12T17:17:35Z,36.196218,-85.538585,0.00,133.44
2019-04-12T17:17:36Z,36.196218,-85.538585,0.01,311.84
2019-04-12T17:17:36Z,36.196218,-85.538585,0.01,311.84
2019-04-12T17:17:36Z,36.196218,-85.538585,0.01,85.16
2019-04-12T17:17:36Z,36.196218,-85.538585,0.01,85.16
2019-04-12T17:17:36Z,36.196218,-85.538585,0.01,342.27
2019-04-12T17:17:36Z,36.196218,-85.538583,0.01,342.27
2019-04-12T17:17:36Z,36.196218,-85.538583,0.01,108.54
2019-04-12T17:17:36Z,36.196218,-85.538583,0.01,108.54
2019-04-12T17:17:36Z,36.196218,-85.538583,0.01,76.74
2019-04-12T17:17:36Z,36.196218,-85.538583,0.01,76.74
2019-04-12T17:17:37Z,36.196218,-85.538583,0.01,82.68
2019-04-12T17:17:37Z,36.196218,-85.538582,0.01,82.68
2019-04-12T17:17:37Z,36.196218,-85.538582,0.01,75.37
2019-04-12T17:17:37Z,36.196217,-85.538582,0.01,75.37
2019-04-12T17:17:37Z,36.196217,-85.538582,0.01,85.84
2019-04-12T17:17:37Z,36.196217,-85.538582,0.01,85.84
2019-04-12T17:17:37Z,36.196217,-85.538582,0.02,84.88
2019-04-12T17:17:37Z,36.196217,-85.538580,0.02,84.88
2019-04-12T17:17:37Z,36.196217,-85.538580,0.02,79.39
2019-04-12T17:17:37Z,36.196217,-85.538580,0.02,79.39
2019-04-12T17:17:38Z,36.196217,-85.538580,0.03,87.82
2019-04-12T17:17:38Z,36.196217,-85.538580,0.03,87.82
2019-04-12T17:17:38Z,36.196217,-85.538580,0.03,82.11
2019-04-12T17:17:38Z,36.196217,-85.538578,0.03,82.11
2019-04-12T17:17:38Z,36.196217,-85.538578,0.03,79.44
2019-04-12T17:17:38Z,36.196217,-85.538578,0.03,79.44
2019-04-12T17:17:38Z,36.196217,-85.538578,0.02,80.29
2019-04-12T17:17:38Z,36.196217,-85.538578,0.02,80.29
2019-04-12T17:17:38Z,36.196217,-85.538578,0.03,77.76
2019-04-12T17:17:38Z,36.196215,-85.538577,0.03,77.76
2019-04-12T17:17:39Z,36.196215,-85.538577,0.03,84.32
2019-04-12T17:17:39Z,36.196215,-85.538577,0.03,84.32
2019-04-12T17:17:39Z,36.196215,-85.538577,0.03,87.41
2019-04-12T17:17:39Z,36.196215,-85.538577,0.03,87.41
2019-04-12T17:17:39Z,36.196215,-85.538577,0.02,79.82
2019-04-12T17:17:39Z,36.196215,-85.538575,0.02,79.82
2019-04-12T17:17:39Z,36.196215,-85.538575,0.02,91.50
2019-04-12T17:17:39Z,36.196215,-85.538575,0.02,91.50
2019-04-12T17:17:39Z,36.196215,-85.538575,0.02,88.26
2019-04-12T17:17:39Z,36.196215,-85.538575,0.02,88.26
2019-04-12T17:17:40Z,36.196215,-85.538575,0.02,84.23
2019-04-12T17:17:40Z,36.196215,-85.538575,0.02,84.23
2019-04-12T17:17:40Z,36.196215,-85.538575,0.01,77.63
2019-04-12T17:17:40Z,36.196215,-85.538573,0.01,77.63
2019-04-12T17:17:40Z,36.196215,-85.538573,0.02,82.26
2019-04-12T17:17:40Z,36.196215,-85.538573,0.02,82.26
2019-04-12T17:17:40Z,36.196215,-85.538573,0.00,86.86
2019-04-12T17:17:40Z,36.196213,-85.538573,0.00,86.86
2019-04-12T17:17:40Z,36.196213,-85.538573,0.00,89.11
2019-04-12T17:17:40Z,36.196213,-85.538573,0.00,89.11
2019-04-12T17:17:41Z,36.196213,-85.538573,0.00,281.90
2019-04-12T17:17:41Z,36.196213,-85.538573,0.00,281.90
2019-04-12T17:17:41Z,36.196213,-85.538573,0.00,213.01
2019-04-12T17:17:41Z,36.196213,-85.538572,0.00,213.01
2019-04-12T17:17:41Z,36.196213,-85.538572,0.01,226.10
2019-04-12T17:17:41Z,36.196213,-85.538572,0.01,226.10
2019-04-12T17:17:41Z,36.196213,-85.538572,0.01,247.72
2019-04-12T17:17:41Z,36.196213,-85.538570,0.01,247.72
2019-04-12T17:17:41Z,36.196213,-85.538570,0.01,248.89
2019-04-12T17:17:41Z,36.196213,-85.538570,0.01,248.89
2019-04-12T17:17:42Z,36.196213,-85.538570,0.02,254.34
2019-04-12T17:17:42Z,36.196212,-85.538568,0.02,254.34
2019-04-12T17:17:42Z,36.196212,-85.538568,0.02,248.91
2019-04-12T17:17:42Z,36.196212,-85.538568,0.02,248.91
2019-04-12T17:17:42Z,36.196212,-85.538568,0.01,246.87
2019-04-12T17:17:42Z,36.196212,-85.538567,0.01,246.87
2019-04-12T17:17:42Z,36.196212,-85.538567,0.02,250.42
2019-04-12T17:17:42Z,36.196212,-85.538567,0.02,250.42
2019-04-12T17:17:42Z,36.196212,-85.538567,0.03,252.83
2019-04-12T17:17:42Z,36.196212,-85.538567,0.03,252.83
2019-04-12T17:17:43Z,36.196212,-85.538567,0.02,258.20
2019-04-12T17:17:43Z,36.196212,-85.538565,0.02,258.20
2019-04-12T17:17:43Z,36.196212,-85.538565,0.03,262.73
2019-04-12T17:17:43Z,36.196212,-85.538565,0.03,262.73
2019-04-12T17:17:43Z,36.196212,-85.538565,0.02,263.48
2019-04-12T17:17:43Z,36.196212,-85.538565,0.02,263.48
2019-04-12T17:17:43Z,36.196212,-85.538565,0.03,249.84
2019-04-12T17:17:43Z,36.196212,-85.538563,0.03,249.84
2019-04-12T17:17:43Z,36.196212,-85.538563,0.03,255.01
2019-04-12T17:17:43Z,36.196212,-85.538563,0.03,255.01
2019-04-12T17:17:44Z,36.196212,-85.538563,0.02,258.63
2019-04-12T17:17:44Z,36.196212,-85.538563,0.02,258.63
2019-04-12T17:17:44Z,36.196212,-85.538563,0.03,264.81
2019-04-12T17:17:44Z,36.196212,-85.538562,0.03,264.81
2019-04-12T17:17:44Z,36.196212,-85.538562,0.03,248.51
2019-04-12T17:17:44Z,36.196212,-85.538562,0.03,248.51
2019-04-12T17:17:44Z,36.196212,-85.538562,0.03,254.33
2019-04-12T17:17:44Z,36.196212,-85.538562,0.03,254.33
2019-04-12T17:17:44Z,36.196212,-85.538562,0.02,253.82
2019-04-12T17:17:44Z,36.196212,-85.538560,0.02,253.82
2019-04-12T17:17:45Z,36.196212,-85.538560,0.02,262.41
2019-04-12T17:17:45Z,36.196212,-85.538560,0.02,262.41
2019-04-12T17:17:45Z,36.196212,-85.538560,0.02,267.43
2019-04-12T17:17:45Z,36.196212,-85.538560,0.02,267.43
2019-04-12T17:17:45Z,36.196212,-85.538560,0.02,266.05
2019-04-12T17:17:45Z,36.196212,-85.538560,0.02,266.05
2019-04-12T17:17:45Z,36.196212,-85.538560,0.01,273.68
2019-04-12T17:17:45Z,36.196212,-85.538558,0.01,273.68
2019-04-12T17:17:45Z,36.196212,-85.538558,0.01,256.63
2019-04-12T17:17:45Z,36.196212,-85.538558,0.01,256.63
2019-04-12T17:17:46Z,36.196212,-85.538558,0.01,274.67
2019-04-12T17:17:46Z,36.196212,-85.538558,0.01,274.67
2019-04-12T17:17:46Z,36.196212,-85.538558,0.01,261.82
2019-04-12T17:17:46Z,36.196212,-85.538557,0.01,261.82
2019-04-12T17:17:46Z,36.196212,-85.538557,0.01,241.60
2019-04-12T17:17:46Z,36.196212,-85.538557,0.01,241.60
2019-04-12T17:17:46Z,36.196212,-85.538557,0.00,207.50
2019-04-12T17:17:46Z,36.196212,-85.538557,0.00,207.50
2019-04-12T17:17:46Z,36.196212,-85.538557,0.00,208.19
2019-04-12T17:17:46Z,36.196212,-85.538557,0.00,208.19
2019-04-12T17:17:47Z,36.196212,-85.538557,0.00,43.02
2019-04-12T17:17:47Z,36.196212,-85.538555,0.00,43.02
2019-04-12T17:17:47Z,36.196212,-85.538555,0.01,61.58
2019-04-12T17:17:47Z,36.196212,-85.538555,0.01,61.58
2019-04-12T17:17:47Z,36.196212,-85.538555,0.00,99.66
2019-04-12T17:17:47Z,36.196212,-85.538555,0.00,99.66
2019-04-12T17:17:47Z,36.196212,-85.538555,0.01,100.98
2019-04-12T17:17:47Z,36.196212,-85.538555,0.01,100.98
2019-04-12T17:17:47Z,36.196212,-85.538555,0.01,40.88
2019-04-12T17:17:47Z,36.196212,-85.538555,0.01,40.88
2019-04-12T17:17:48Z,36.196212,-85.538555,0.00,57.04
2019-04-12T17:17:48Z,36.196212,-85.538553,0.00,57.04
2019-04-12T17:17:48Z,36.196212,-85.538553,0.00,73.37
2019-04-12T17:17:48Z,36.196212,-85.538553,0.00,73.37
2019-04-12T17:17:48Z,36.196212,-85.538553,0.01,102.03
2019-04-12T17:17:48Z,36.196212,-85.538553,0.01,102.03
2019-04-12T17:17:48Z,36.196212,-85.538553,0.00,150.75
2019-04-12T17:17:48Z,36.196212,-85.538553,0.00,150.75
2019-04-12T17:17:48Z,36.196212,-85.538553,0.01,103.65
2019-04-12T17:17:48Z,36.196212,-85.538552,0.01,103.65
2019-04-12T17:17:49Z,36.196212,-85.538552,0.00,102.68
2019-04-12T17:17:49Z,36.196212,-85.538552,0.00,102.68
2019-04-12T17:17:49Z,36.196212,-85.538552,0.00,145.14
2019-04-12T17:17:49Z,36.196212,-85.538552,0.00,145.14
2019-04-12T17:17:49Z,36.196212,-85.538552,0.00,156.95
2019-04-12T17:17:49Z,36.196212,-85.538552,0.00,156.95
2019-04-12T17:17:49Z,36.196212,-85.538552,0.01,78.02
2019-04-12T17:17:49Z,36.196210,-85.538552,0.01,78.02
2019-04-12T17:17:49Z,36.196210,-85.538552,0.00,38.40
2019-04-12T17:17:49Z,36.196210,-85.538552,0.00,38.40
2019-04-12T17:17:50Z,36.196210,-85.538552,0.01,123.59
2019-04-12T17:17:50Z,36.196210,-85.538550,0.01,123.59
2019-04-12T17:17:50Z,36.196210,-85.538550,0.00,110.03
2019-04-12T17:17:50Z,36.196210,-85.538550,0.00,110.03
2019-04-12T17:17:50Z,36.196210,-85.538550,0.01,80.91
2019-04-12T17:17:50Z,36.196210,-85.538550,0.01,80.91
2019-04-12T17:17:50Z,36.196210,-85.538550,0.00,307.86
2019-04-12T17:17:50Z,36.196210,-85.538550,0.00,307.86
2019-04-12T17:17:50Z,36.196210,-85.538550,0.00,104.24
2019-04-12T17:17:50Z,36.196210,-85.538550,0.00,104.24
2019-04-12T17:17:51Z,36.196210,-85.538550,0.01,182.69
2019-04-12T17:17:51Z,36.196210,-85.538550,0.01,182.69
2019-04-12T17:17:51Z,36.196210,-85.538550,0.00,96.23
2019-04-12T17:17:51Z,36.196210,-85.538550,0.00,96.23
2019-04-12T17:17:51Z,36.196210,-85.538550,0.01,57.60
2019-04-12T17:17:51Z,36.196210,-85.538548,0.01,57.60
2019-04-12T17:17:51Z,36.196210,-85.538548,0.00,293.35
2019-04-12T17:17:51Z,36.196210,-85.538548,0.00,293.35
2019-04-12T17:17:51Z,36.196210,-85.538548,0.00,159.27
2019-04-12T17:17:51Z,36.196210,-85.538548,0.00,159.27
2019-04-12T17:17:52Z,36.196210,-85.538548,0.00,253.56
2019-04-12T17:17:52Z,36.196210,-85.538548,0.00,253.56
2019-04-12T17:17:52Z,36.196210,-85.538548,0.00,124.85
2019-04-12T17:17:52Z,36.196210,-85.538548,0.00,124.85
2019-04-12T17:17:52Z,36.196210,-85.538548,0.00,135.26
2019-04-12T17:17:52Z,36.196210,-85.538548,0.00,135.26
2019-04-12T17:17:52Z,36.196210,-85.538548,0.00,227.10
2019-04-12T17:17:52Z,36.196210,-85.538548,0.00,227.10
2019-04-12T17:17:52Z,36.196210,-85.538548,0.00,286.39
2019-04-12T17:17:52Z,36.196210,-85.538548,0.00,286.39
2019-04-12T17:17:53Z,36.196210,-85.538548,0.00,298.88
2019-04-12T17:17:53Z,36.196212,-85.538548,0.00,298.88
2019-04-12T17:17:53Z,36.196212,-85.538548,0.01,205.44
2019-04-12T17:17:53Z,36.196212,-85.538548,0.01,205.44
2019-04-12T17:17:53Z,36.196212,-85.538548,0.01,291.39
2019-04-12T17:17:53Z,36.196212,-85.538548,0.01,291.39
2019-04-12T17:17:53Z,36.196212,-85.538548,0.00,200.73
2019-04-12T17:17:53Z,36.196212,-85.538548,0.00,200.73
2019-04-12T17:17:53Z,36.196212,-85.538548,0.01,214.91
2019-04-12T17:17:53Z,36.196212,-85.538548,0.01,214.91
2019-04-12T17:17:54Z,36.196212,-85.538548,0.01,339.90
2019-04-12T17:17:54Z,36.196212,-85.538547,0.01,339.90
2019-04-12T17:17:54Z,36.196212,-85.538547,0.00,198.40
2019-04-12T17:17:54Z,36.196212,-85.538547,0.00,198.40
2019-04-12T17:17:54Z,36.196212,-85.538547,0.01,186.06
2019-04-12T17:17:54Z,36.196212,-85.538547,0.01,186.06
2019-04-12T17:17:54Z,36.196212,-85.538547,0.00,222.17
2019-04-12T17:17:54Z,36.196212,-85.538547,0.00,222.17
2019-04-12T17:17:54Z,36.196212,-85.538547,0.00,289.35
2019-04-12T17:17:54Z,36.196212,-85.538547,0.00,289.35
2019-04-12T17:17:55Z,36.196212,-85.538547,0.01,297.67
2019-04-12T17:17:55Z,36.196212,-85.538547,0.01,297.67
2019-04-12T17:17:55Z,36.196212,-85.538547,0.01,176.28
2019-04-12T17:17:55Z,36.196213,-85.538547,0.01,176.28
2019-04-12T17:17:55Z,36.196213,-85.538547,0.01,252.79
2019-04-12T17:17:55Z,36.196213,-85.538547,0.01,252.79
2019-04-12T17:17:55Z,36.196213,-85.538547,0.01,279.51
2019-04-12T17:17:55Z,36.196213,-85.538547,0.01,279.51
2019-04-12T17:17:55Z,36.196213,-85.538547,0.00,178.90
2019-04-12T17:17:55Z,36.196213,-85.538545,0.00,178.90
2019-04-12T17:17:56Z,36.196213,-85.538545,0.00,300.32
2019-04-12T17:17:56Z,36.196213,-85.538545,0.00,300.32
2019-04-12T17:17:56Z,36.196213,-85.538545,0.00,247.28
2019-04-12T17:17:56Z,36.196213,-85.538545,0.00,247.28
2019-04-12T17:17:56Z,36.196213,-85.538545,0.01,246.52
2019-04-12T17:17:56Z,36.196213,-85.538545,0.01,246.52
2019-04-12T17:17:56Z,36.196213,-85.538545,0.00,321.66
2019-04-12T17:17:56Z,36.196213,-85.538545,0.00,321.66
2019-04-12T17:17:56Z,36.196213,-85.538545,0.00,160.40
2019-04-12T17:17:56Z,36.196213,-85.538545,0.00,160.40
2019-04-12T17:17:57Z,36.196213,-85.538545,0.00,68.09
2019-04-12T17:17:57Z,36.196213,-85.538545,0.00,68.09
2019-04-12T17:17:57Z,36.196213,-85.538545,0.00,293.49
2019-04-12T17:17:57Z,36.196213,-85.538545,0.00,293.49
2019-04-12T17:17:57Z,36.196213,-85.538545,0.00,0.00
2019-04-12T17:17:57Z,36.196213,-85.538545,0.00,0.00
2019-04-12T17:17:57Z,36.196213,-85.538545,0.01,322.60
2019-04-12T17:17:57Z,36.196215,-85.538545,0.01,322.60
2019-04-12T17:17:57Z,36.196215,-85.538545,0.00,17.14
2019-04-12T17:17:57Z,36.196215,-85.538545,0.00,17.14
2019-04-12T17:17:58Z,36.196215,-85.538545,0.00,147.48
2019-04-12T17:17:58Z,36.196215,-85.538545,0.00,147.48
2019-04-12T17:17:58Z,36.196215,-85.538545,0.01,143.92
2019-04-12T17:17:58Z,36.196215,-85.538545,0.01,143.92
2019-04-12T17:17:58Z,36.196215,-85.538545,0.00,167.12
2019-04-12T17:17:58Z,36.196215,-85.538543,0.00,167.12
2019-04-12T17:17:58Z,36.196215,-85.538543,0.01,34.11
2019-04-12T17:17:58Z,36.196215,-85.538543,0.01,34.11
2019-04-12T17:17:58Z,36.196215,-85.538543,0.00,113.95
2019-04-12T17:17:58Z,36.196215,-85.538543,0.00,113.95
2019-04-12T17:17:59Z,36.196215,-85.538543,0.01,69.38
2019-04-12T17:17:59Z,36.196215,-85.538543,0.01,69.38
2019-04-12T17:17:59Z,36.196215,-85.538543,0.01,345.01
2019-04-12T17:17:59Z,36.196215,-85.538543,0.01,345.01
2019-04-12T17:17:59Z,36.196215,-85.538543,0.01,42.36
2019-04-12T17:17:59Z,36.196215,-85.538543,0.01,42.36
2019-04-12T17:17:59Z,36.196215,-85.538543,0.01,75.86
2019-04-12T17:17:59Z,36.196215,-85.538543,0.01,75.86
2019-04-12T17:17:59Z,36.196215,-85.538543,0.00,113.67
2019-04-12T17:17:59Z,36.196217,-85.538543,0.00,113.67
2019-04-12T17:18:00Z,36.196217,-85.538543,0.01,75.83
2019-04-12T17:18:00Z,36.196217,-85.538543,0.01,75.83
2019-04-12T17:18:00Z,36.196217,-85.538543,0.01,50.58
2019-04-12T17:18:00Z,36.196217,-85.538543,0.01,50.58
2019-04-12T17:18:00Z,36.196217,-85.538543,0.01,58.81
2019-04-12T17:18:00Z,36.196217,-85.538543,0.01,58.81
2019-04-12T17:18:00Z,36.196217,-85.538543,0.01,42.42
2019-04-12T17:18:00Z,36.196217,-85.538543,0.01,42.42
2019-04-12T17:18:00Z,36.196217,-85.538543,0.00,31.09
2019-04-12T17:18:00Z,36.196217,-85.538543,0.00,31.09
2019-04-12T17:18:01Z,36.196217,-85.538543,0.00,2.60
2019-04-12T17:18:01Z,36.196217,-85.538542,0.00,2.60
2019-04-12T17:18:01Z,36.196217,-85.538542,0.01,61.24
2019-04-12T17:18:01Z,36.196217,-85.538543,0.01,61.24
2019-04-12T17:18:01Z,36.196217,-85.538543,0.00,320.28
2019-04-12T17:18:01Z,36.196218,-85.538542,0.00,320.28
2019-04-12T17:18:01Z,36.196218,-85.538542,0.01,39.04
2019-04-12T17:18:01Z,36.196218,-85.538542,0.01,39.04
2019-04-12T17:18:01Z,36.196218,-85.538542,0.00,38.23
2019-04-12T17:18:01Z,36.196218,-85.538542,0.00,38.23
2019-04-12T17:18:02Z,36.196218,-85.538542,0.00,64.89
2019-04-12T17:18:02Z,36.196218,-85.538542,0.00,64.89
2019-04-12T17:18:02Z,36.196218,-85.538542,0.00,9.23
2019-04-12T17:18:02Z,36.196218,-85.538542,0.00,9.23
2019-04-12T17:18:02Z,36.196218,-85.538542,0.01,25.50
2019-04-12T17:18:02Z,36.196218,-85.538542,0.01,25.50
2019-04-12T17:18:02Z,36.196218,-85.538542,0.01,154.14
2019-04-12T17:18:02Z,36.196218,-85.538542,0.01,154.14
2019-04-12T17:18:02Z,36.196218,-85.538542,0.00,104.88
2019-04-12T17:18:02Z,36.196218,-85.538542,0.00,104.88
2019-04-12T17:18:03Z,36.196218,-85.538542,0.00,79.75
2019-04-12T17:18:03Z,36.196218,-85.538542,0.00,79.75
2019-04-12T17:18:03Z,36.196218,-85.538542,0.00,79.88
2019-04-12T17:18:03Z,36.196218,-85.538542,0.00,79.88
2019-04-12T17:18:03Z,36.196218,-85.538542,0.00,38.00
2019-04-12T17:18:03Z,36.196218,-85.538542,0.00,38.00
2019-04-12T17:18:03Z,36.196218,-85.538542,0.01,210.38
2019-04-12T17:18:03Z,36.196218,-85.538542,0.01,210.38
2019-04-12T17:18:03Z,36.196218,-85.538542,0.00,305.75
2019-04-12T17:18:03Z,36.196218,-85.538543,0.00,305.75
2019-04-12T17:18:04Z,36.196218,-85.538543,0.00,47.15
2019-04-12T17:18:04Z,36.196218,-85.538543,0.00,47.15
2019-04-12T17:18:04Z,36.196218,-85.538543,0.00,268.09
2019-04-12T17:18:04Z,36.196218,-85.538543,0.00,268.09
2019-04-12T17:18:04Z,36.196218,-85.538543,0.00,273.21
2019-04-12T17:18:04Z,36.196218,-85.538543,0.00,273.21
2019-04-12T17:18:04Z,36.196218,-85.538543,0.00,167.32
2019-04-12T17:18:04Z,36.196218,-85.538543,0.00,167.32
