2019-04-13T19:47:35Z,0.000000,0.000000,0.00,0.00
2019-04-13T19:47:35Z,0.000000,0.000000,0.00,0.00
2019-04-13T19:47:36Z,36.198563,-85.538762,0.00,0.00
2019-04-13T19:47:36Z,36.198563,-85.538762,0.00,92.16
2019-04-13T19:47:36Z,36.198563,-85.538762,0.00,92.16
2019-04-13T19:47:36Z,36.198563,-85.538762,0.01,165.58
2019-04-13T19:47:37Z,36.198563,-85.538762,0.01,165.58
2019-04-13T19:47:37Z,36.198563,-85.538762,0.01,104.46
2019-04-13T19:47:37Z,36.198563,-85.538762,0.01,104.46
2019-04-13T19:47:37Z,36.198563,-85.538762,0.01,58.26
2019-04-13T19:47:38Z,36.198563,-85.538762,0.01,58.26
2019-04-13T19:47:38Z,36.198563,-85.538762,0.00,79.01
2019-04-13T19:47:38Z,36.198563,-85.538762,0.00,79.01
2019-04-13T19:47:38Z,36.198563,-85.538762,0.01,342.39
2019-04-13T19:47:39Z,36.198563,-85.538762,0.01,342.39
2019-04-13T19:47:39Z,36.198563,-85.538762,0.01,318.67
2019-04-13T19:47:39Z,36.198563,-85.538762,0.01,318.67
2019-04-13T19:47:39Z,36.198563,-85.538762,0.01,2.30
2019-04-13T19:47:40Z,36.198563,-85.538762,0.01,2.30
2019-04-13T19:47:40Z,36.198563,-85.538762,0.01,7.67
2019-04-13T19:47:40Z,36.198563,-85.538762,0.01,7.67
2019-04-13T19:47:40Z,36.198563,-85.538762,0.01,23.40
2019-04-13T19:47:41Z,36.198563,-85.538762,0.01,23.40
2019-04-13T19:47:41Z,36.198563,-85.538762,0.01,334.10
2019-04-13T19:47:41Z,36.198563,-85.538762,0.01,334.10
2019-04-13T19:47:41Z,36.198563,-85.538762,0.01,9.28
2019-04-13T19:47:42Z,36.198563,-85.538762,0.01,9.28
2019-04-13T19:47:42Z,36.198563,-85.538762,0.01,48.28
2019-04-13T19:47:42Z,36.198563,-85.538762,0.01,48.28
2019-04-13T19:47:42Z,36.198563,-85.538762,0.01,157.08
2019-04-13T19:47:43Z,36.198563,-85.538762,0.01,157.08
2019-04-13T19:47:43Z,36.198563,-85.538762,0.01,161.00
2019-04-13T19:47:43Z,36.198563,-85.538762,0.01,161.00
2019-04-13T19:47:43Z,36.198563,-85.538762,0.01,184.74
2019-04-13T19:47:44Z,36.198563,-85.538762,0.01,184.74
2019-04-13T19:47:44Z,36.198563,-85.538762,0.02,174.88
2019-04-13T19:47:44Z,36.198563,-85.538762,0.02,174.88
2019-04-13T19:47:44Z,36.198563,-85.538762,0.01,145.07
2019-04-13T19:47:45Z,36.198563,-85.538762,0.01,145.07
2019-04-13T19:47:45Z,36.198563,-85.538762,0.01,137.04
2019-04-13T19:47:45Z,36.198563,-85.538762,0.01,137.04
2019-04-13T19:47:45Z,36.198563,-85.538762,0.03,152.44
2019-04-13T19:47:46Z,36.198563,-85.538762,0.03,152.44
2019-04-13T19:47:46Z,36.198563,-85.538762,0.02,162.89
2019-04-13T19:47:46Z,36.198563,-85.538762,0.02,162.89
2019-04-13T19:47:46Z,36.198563,-85.538762,0.02,146.97
2019-04-13T19:47:47Z,36.198563,-85.538762,0.02,146.97
2019-04-13T19:47:47Z,36.198563,-85.538762,0.02,152.58
2019-04-13T19:47:47Z,36.198563,-85.538762,0.02,152.58
2019-04-13T19:47:47Z,36.198563,-85.538762,0.02,160.19
2019-04-13T19:47:48Z,36.198563,-85.538762,0.02,160.19
2019-04-13T19:47:48Z,36.198563,-85.538762,0.01,158.63
2019-04-13T19:47:48Z,36.198563,-85.538762,0.01,158.63
2019-04-13T19:47:48Z,36.198563,-85.538762,0.00,18.14
2019-04-13T19:47:49Z,36.198563,-85.538762,0.00,18.14
2019-04-13T19:47:49Z,36.198563,-85.538762,0.01,61.46
2019-04-13T19:47:49Z,36.198563,-85.538762,0.01,61.46
2019-04-13T19:47:49Z,36.198563,-85.538762,0.01,2.00
2019-04-13T19:47:50Z,36.198563,-85.538762,0.01,2.00
2019-04-13T19:47:50Z,36.198563,-85.538762,0.01,313.12
2019-04-13T19:47:50Z,36.198563,-85.538762,0.01,313.12
2019-04-13T19:47:50Z,36.198563,-85.538762,0.01,358.51
2019-04-13T19:47:51Z,36.198563,-85.538762,0.01,358.51
2019-04-13T19:47:51Z,36.198563,-85.538762,0.02,323.36
2019-04-13T19:47:51Z,36.198563,-85.538762,0.02,323.36
2019-04-13T19:47:51Z,36.198563,-85.538762,0.02,345.06
2019-04-13T19:47:52Z,36.198563,-85.538762,0.02,345.06
2019-04-13T19:47:52Z,36.198563,-85.538762,0.01,338.81
2019-04-13T19:47:52Z,36.198563,-85.538762,0.01,338.81
2019-04-13T19:47:52Z,36.198563,-85.538762,0.01,329.16
2019-04-13T19:47:53Z,36.198563,-85.538762,0.01,329.16
2019-04-13T19:47:53Z,36.198563,-85.538762,0.01,314.51
2019-04-13T19:47:53Z,36.198563,-85.538762,0.01,314.51
2019-04-13T19:47:53Z,36.198563,-85.538762,0.02,355.97
2019-04-13T19:47:54Z,36.198563,-85.538762,0.02,355.97
2019-04-13T19:47:54Z,36.198563,-85.538762,0.02,13.37
2019-04-13T19:47:54Z,36.198563,-85.538762,0.02,13.37
2019-04-13T19:47:54Z,36.198563,-85.538762,0.01,238.18
2019-04-13T19:47:55Z,36.198563,-85.538762,0.01,238.18
2019-04-13T19:47:55Z,36.198563,-85.538762,0.01,233.13
2019-04-13T19:47:55Z,36.198563,-85.538762,0.01,233.13
2019-04-13T19:47:55Z,36.198563,-85.538762,0.00,226.60
2019-04-13T19:47:56Z,36.198563,-85.538762,0.00,226.60
2019-04-13T19:47:56Z,36.198563,-85.538762,0.01,186.08
2019-04-13T19:47:56Z,36.198563,-85.538762,0.01,186.08
2019-04-13T19:47:56Z,36.198563,-85.538762,0.02,173.01
2019-04-13T19:47:57Z,36.198563,-85.538762,0.02,173.01
2019-04-13T19:47:57Z,36.198563,-85.538762,0.01,146.05
2019-04-13T19:47:57Z,36.198563,-85.538762,0.01,146.05
2019-04-13T19:47:57Z,36.198563,-85.538762,0.02,155.70
2019-04-13T19:47:58Z,36.198563,-85.538762,0.02,155.70
2019-04-13T19:47:58Z,36.198563,-85.538762,0.02,153.34
2019-04-13T19:47:58Z,36.198563,-85.538762,0.02,153.34
2019-04-13T19:47:58Z,36.198563,-85.538762,0.01,137.16
2019-04-13T19:47:59Z,36.198563,-85.538762,0.01,137.16
2019-04-13T19:47:59Z,36.198563,-85.538762,0.01,165.59
2019-04-13T19:47:59Z,36.198563,-85.538762,0.01,165.59
2019-04-13T19:47:59Z,36.198563,-85.538762,0.01,169.27
2019-04-13T19:48:00Z,36.198563,-85.538762,0.01,169.27
2019-04-13T19:48:00Z,36.198563,-85.538762,0.01,151.53
2019-04-13T19:48:00Z,36.198563,-85.538762,0.01,151.53
2019-04-13T19:48:00Z,36.198563,-85.538762,0.00,262.20
2019-04-13T19:48:01Z,36.198563,-85.538762,0.00,262.20
2019-04-13T19:48:01Z,36.198563,-85.538762,0.00,199.12
2019-04-13T19:48:01Z,36.198563,-85.538762,0.00,199.12
2019-04-13T19:48:01Z,36.198563,-85.538762,0.00,25.32
2019-04-13T19:48:02Z,36.198563,-85.538762,0.00,25.32
2019-04-13T19:48:02Z,36.198563,-85.538762,0.01,322.25
2019-04-13T19:48:02Z,36.198563,-85.538762,0.01,322.25
2019-04-13T19:48:02Z,36.198563,-85.538762,0.01,334.18
2019-04-13T19:48:03Z,36.198563,-85.538762,0.01,334.18
2019-04-13T19:48:03Z,36.198563,-85.538762,0.01,325.48
2019-04-13T19:48:03Z,36.198563,-85.538762,0.01,325.48
2019-04-13T19:48:03Z,36.198563,-85.538762,0.02,318.08
2019-04-13T19:48:04Z,36.198563,-85.538762,0.02,318.08
2019-04-13T19:48:04Z,36.198563,-85.538762,0.01,320.27
2019-04-13T19:48:04Z,36.198563,-85.538762,0.01,320.27
2019-04-13T19:48:04Z,36.198563,-85.538762,0.01,322.27
2019-04-13T19:48:05Z,36.198563,-85.538762,0.01,322.27
2019-04-13T19:48:05Z,36.198563,-85.538762,0.02,314.58
2019-04-13T19:48:05Z,36.198563,-85.538762,0.02,314.58
2019-04-13T19:48:05Z,36.198563,-85.538762,0.01,1.13
2019-04-13T19:48:06Z,36.198563,-85.538762,0.01,1.13
2019-04-13T19:48:06Z,36.198563,-85.538762,0.01,312.12
2019-04-13T19:48:06Z,36.198563,-85.538762,0.01,312.12
2019-04-13T19:48:06Z,36.198563,-85.538762,0.01,55.16
2019-04-13T19:48:07Z,36.198563,-85.538762,0.01,55.16
2019-04-13T19:48:07Z,36.198563,-85.538762,0.00,74.63
2019-04-13T19:48:07Z,36.198563,-85.538762,0.00,74.63
2019-04-13T19:48:07Z,36.198563,-85.538762,0.01,150.44
2019-04-13T19:48:08Z,36.198563,-85.538762,0.01,150.44
2019-04-13T19:48:08Z,36.198563,-85.538762,0.01,156.54
2019-04-13T19:48:08Z,36.198563,-85.538762,0.01,156.54
2019-04-13T19:48:08Z,36.198563,-85.538762,0.00,151.37
2019-04-13T19:48:09Z,36.198563,-85.538762,0.00,151.37
2019-04-13T19:48:09Z,36.198563,-85.538762,0.02,109.97
2019-04-13T19:48:09Z,36.198563,-85.538762,0.02,109.97
2019-04-13T19:48:09Z,36.198563,-85.538762,0.01,161.17
2019-04-13T19:48:10Z,36.198563,-85.538762,0.01,161.17
2019-04-13T19:48:10Z,36.198563,-85.538762,0.01,97.98
2019-04-13T19:48:10Z,36.198563,-85.538762,0.01,97.98
2019-04-13T19:48:10Z,36.198563,-85.538762,0.01,135.45
2019-04-13T19:48:11Z,36.198563,-85.538762,0.01,135.45
2019-04-13T19:48:11Z,36.198563,-85.538762,0.01,134.57
2019-04-13T19:48:11Z,36.198563,-85.538762,0.01,134.57
2019-04-13T19:48:11Z,36.198563,-85.538762,0.01,142.13
2019-04-13T19:48:12Z,36.198563,-85.538762,0.01,142.13
2019-04-13T19:48:12Z,36.198563,-85.538762,0.01,131.30
2019-04-13T19:48:12Z,36.198563,-85.538762,0.01,131.30
2019-04-13T19:48:12Z,36.198563,-85.538762,0.01,305.50
2019-04-13T19:48:13Z,36.198563,-85.538762,0.01,305.50
2019-04-13T19:48:13Z,36.198563,-85.538762,0.01,317.20
2019-04-13T19:48:13Z,36.198563,-85.538762,0.01,317.20
2019-04-13T19:48:13Z,36.198563,-85.538762,0.01,265.80
2019-04-13T19:48:14Z,36.198563,-85.538762,0.01,265.80
2019-04-13T19:48:14Z,36.198563,-85.538762,0.02,277.09
2019-04-13T19:48:14Z,36.198563,-85.538762,0.02,277.09
2019-04-13T19:48:14Z,36.198563,-85.538762,0.01,263.45
2019-04-13T19:48:15Z,36.198563,-85.538762,0.01,263.45
2019-04-13T19:48:15Z,36.198563,-85.538762,0.01,240.02
2019-04-13T19:48:15Z,36.198563,-85.538762,0.01,240.02
2019-04-13T19:48:15Z,36.198563,-85.538762,0.01,251.85
2019-04-13T19:48:16Z,36.198563,-85.538762,0.01,251.85
2019-04-13T19:48:16Z,36.198563,-85.538762,0.01,302.89
2019-04-13T19:48:16Z,36.198563,-85.538762,0.01,302.89
2019-04-13T19:48:16Z,36.198563,-85.538762,0.01,246.00
2019-04-13T19:48:17Z,36.198563,-85.538762,0.01,246.00
2019-04-13T19:48:17Z,36.198563,-85.538762,0.02,254.51
2019-04-13T19:48:17Z,36.198563,-85.538762,0.02,254.51
2019-04-13T19:48:17Z,36.198563,-85.538762,0.01,263.33
2019-04-13T19:48:18Z,36.198563,-85.538762,0.01,263.33
2019-04-13T19:48:18Z,36.198563,-85.538762,0.00,309.19
2019-04-13T19:48:18Z,36.198563,-85.538762,0.00,309.19
2019-04-13T19:48:18Z,36.198563,-85.538762,0.02,180.01
2019-04-13T19:48:19Z,36.198563,-85.538762,0.02,180.01
2019-04-13T19:48:19Z,36.198563,-85.538762,0.01,94.21
2019-04-13T19:48:19Z,36.198563,-85.538762,0.01,94.21
2019-04-13T19:48:19Z,36.198563,-85.538762,0.02,95.61
2019-04-13T19:48:20Z,36.198563,-85.538762,0.02,95.61
2019-04-13T19:48:20Z,36.198563,-85.538762,0.02,116.03
2019-04-13T19:48:20Z,36.198563,-85.538762,0.02,116.03
2019-04-13T19:48:20Z,36.198563,-85.538762,0.02,124.31
2019-04-13T19:48:21Z,36.198563,-85.538762,0.02,124.31
2019-04-13T19:48:21Z,36.198563,-85.538762,0.01,73.17
2019-04-13T19:48:21Z,36.198563,-85.538762,0.01,73.17
2019-04-13T19:48:21Z,36.198563,-85.538762,0.01,108.65
2019-04-13T19:48:22Z,36.198563,-85.538762,0.01,108.65
2019-04-13T19:48:22Z,36.198563,-85.538762,0.02,98.48
2019-04-13T19:48:22Z,36.198563,-85.538762,0.02,98.48
2019-04-13T19:48:22Z,36.198563,-85.538762,0.01,115.87
2019-04-13T19:48:23Z,36.198563,-85.538762,0.01,115.87
2019-04-13T19:48:23Z,36.198563,-85.538762,0.02,106.86
2019-04-13T19:48:23Z,36.198563,-85.538762,0.02,106.86
2019-04-13T19:48:23Z,36.198563,-85.538762,0.01,119.49
2019-04-13T19:48:24Z,36.198563,-85.538762,0.01,119.49
2019-04-13T19:48:24Z,36.198563,-85.538762,0.01,120.31
2019-04-13T19:48:24Z,36.198563,-85.538762,0.01,120.31
2019-04-13T19:48:24Z,36.198563,-85.538762,0.02,346.50
2019-04-13T19:48:25Z,36.198563,-85.538762,0.02,346.50
2019-04-13T19:48:25Z,36.198563,-85.538762,0.00,95.64
2019-04-13T19:48:25Z,36.198563,-85.538762,0.00,95.64
2019-04-13T19:48:25Z,36.198563,-85.538762,0.03,163.22
2019-04-13T19:48:26Z,36.198563,-85.538762,0.03,163.22
2019-04-13T19:48:26Z,36.198563,-85.538762,0.02,185.46
2019-04-13T19:48:26Z,36.198563,-85.538762,0.02,185.46
2019-04-13T19:48:26Z,36.198563,-85.538762,0.01,313.74
2019-04-13T19:48:27Z,36.198563,-85.538762,0.01,313.74
2019-04-13T19:48:27Z,36.198563,-85.538762,0.01,254.63
2019-04-13T19:48:27Z,36.198563,-85.538762,0.01,254.63
2019-04-13T19:48:27Z,36.198563,-85.538762,0.01,301.01
2019-04-13T19:48:28Z,36.198563,-85.538762,0.01,301.01
2019-04-13T19:48:28Z,36.198563,-85.538762,0.01,325.70
2019-04-13T19:48:28Z,36.198563,-85.538762,0.01,325.70
2019-04-13T19:48:28Z,36.198563,-85.538762,0.01,254.40
2019-04-13T19:48:29Z,36.198563,-85.538762,0.01,254.40
2019-04-13T19:48:29Z,36.198563,-85.538762,0.02,258.79
2019-04-13T19:48:29Z,36.198563,-85.538762,0.02,258.79
2019-04-13T19:48:29Z,36.198563,-85.538762,0.02,318.12
2019-04-13T19:48:30Z,36.198563,-85.538762,0.02,318.12
2019-04-13T19:48:30Z,36.198563,-85.538762,0.02,279.24
2019-04-13T19:48:30Z,36.198563,-85.538762,0.02,279.24
2019-04-13T19:48:30Z,36.198563,-85.538762,0.01,191.74
2019-04-13T19:48:31Z,36.198563,-85.538762,0.01,191.74
2019-04-13T19:48:31Z,36.198563,-85.538762,0.00,73.16
2019-04-13T19:48:31Z,36.198563,-85.538762,0.00,73.16
2019-04-13T19:48:31Z,36.198563,-85.538762,0.01,122.21
2019-04-13T19:48:32Z,36.198563,-85.538762,0.01,122.21
2019-04-13T19:48:32Z,36.198563,-85.538762,0.02,114.58
2019-04-13T19:48:32Z,36.198563,-85.538762,0.02,114.58
2019-04-13T19:48:32Z,36.198563,-85.538762,0.01,65.41
2019-04-13T19:48:33Z,36.198563,-85.538762,0.01,65.41
2019-04-13T19:48:33Z,36.198563,-85.538762,0.02,21.90
2019-04-13T19:48:33Z,36.198563,-85.538762,0.02,21.90
2019-04-13T19:48:33Z,36.198563,-85.538762,0.02,58.22
2019-04-13T19:48:34Z,36.198563,-85.538762,0.02,58.22
2019-04-13T19:48:34Z,36.198563,-85.538762,0.01,26.21
2019-04-13T19:48:34Z,36.198563,-85.538762,0.01,26.21
2019-04-13T19:48:34Z,36.198563,-85.538762,0.01,89.55
2019-04-13T19:48:35Z,36.198563,-85.538762,0.01,89.55
2019-04-13T19:48:35Z,36.198563,-85.538762,0.01,95.15
2019-04-13T19:48:35Z,36.198563,-85.538762,0.01,95.15
2019-04-13T19:48:35Z,36.198563,-85.538762,0.01,66.47
2019-04-13T19:48:36Z,36.198563,-85.538762,0.01,66.47
2019-04-13T19:48:36Z,36.198563,-85.538762,0.01,105.29
2019-04-13T19:48:36Z,36.198563,-85.538762,0.01,105.29
2019-04-13T19:48:36Z,36.198563,-85.538762,0.00,319.33
2019-04-13T19:48:37Z,36.198563,-85.538762,0.00,319.33
2019-04-13T19:48:37Z,36.198563,-85.538762,0.01,6.36
2019-04-13T19:48:37Z,36.198563,-85.538762,0.01,6.36
2019-04-13T19:48:37Z,36.198563,-85.538762,0.01,290.84
2019-04-13T19:48:38Z,36.198563,-85.538762,0.01,290.84
2019-04-13T19:48:38Z,36.198563,-85.538762,0.01,259.50
2019-04-13T19:48:38Z,36.198563,-85.538762,0.01,259.50
2019-04-13T19:48:38Z,36.198563,-85.538762,0.01,255.86
2019-04-13T19:48:39Z,36.198563,-85.538762,0.01,255.86
2019-04-13T19:48:39Z,36.198563,-85.538762,0.01,256.05
2019-04-13T19:48:39Z,36.198563,-85.538762,0.01,256.05
2019-04-13T19:48:39Z,36.198563,-85.538762,0.01,264.22
2019-04-13T19:48:40Z,36.198563,-85.538762,0.01,264.22
2019-04-13T19:48:40Z,36.198563,-85.538762,0.01,298.72
2019-04-13T19:48:40Z,36.198563,-85.538762,0.01,298.72
2019-04-13T19:48:40Z,36.198563,-85.538762,0.01,232.39
2019-04-13T19:48:41Z,36.198563,-85.538762,0.01,232.39
2019-04-13T19:48:41Z,36.198563,-85.538762,0.01,296.66
2019-04-13T19:48:41Z,36.198563,-85.538762,0.01,296.66
2019-04-13T19:48:41Z,36.198563,-85.538762,0.01,239.56
2019-04-13T19:48:42Z,36.198563,-85.538762,0.01,239.56
2019-04-13T19:48:42Z,36.198563,-85.538762,0.01,258.55
2019-04-13T19:48:42Z,36.198563,-85.538762,0.01,258.55
2019-04-13T19:48:42Z,36.198563,-85.538762,0.01,164.77
2019-04-13T19:48:43Z,36.198563,-85.538762,0.01,164.77
2019-04-13T19:48:43Z,36.198563,-85.538762,0.01,146.08
2019-04-13T19:48:43Z,36.198563,-85.538762,0.01,146.08
2019-04-13T19:48:43Z,36.198563,-85.538762,0.02,98.62
2019-04-13T19:48:44Z,36.198563,-85.538762,0.02,98.62
2019-04-13T19:48:44Z,36.198563,-85.538762,0.01,101.99
2019-04-13T19:48:44Z,36.198563,-85.538762,0.01,101.99
2019-04-13T19:48:44Z,36.198563,-85.538762,0.02,84.04
2019-04-13T19:48:45Z,36.198563,-85.538762,0.02,84.04
2019-04-13T19:48:45Z,36.198563,-85.538762,0.01,80.50
2019-04-13T19:48:45Z,36.198563,-85.538762,0.01,80.50
2019-04-13T19:48:45Z,36.198563,-85.538762,0.01,123.86
2019-04-13T19:48:46Z,36.198563,-85.538762,0.01,123.86
2019-04-13T19:48:46Z,36.198563,-85.538762,0.01,85.04
2019-04-13T19:48:46Z,36.198563,-85.538762,0.01,85.04
2019-04-13T19:48:46Z,36.198563,-85.538762,0.02,112.19
2019-04-13T19:48:47Z,36.198563,-85.538762,0.02,112.19
2019-04-13T19:48:47Z,36.198563,-85.538762,0.01,84.34
2019-04-13T19:48:47Z,36.198563,-85.538762,0.01,84.34
2019-04-13T19:48:47Z,36.198563,-85.538762,0.01,143.07
2019-04-13T19:48:48Z,36.198563,-85.538762,0.01,143.07
2019-04-13T19:48:48Z,36.198563,-85.538762,0.02,109.69
2019-04-13T19:48:48Z,36.198563,-85.538762,0.02,109.69
2019-04-13T19:48:48Z,36.198563,-85.538762,0.01,5.07
2019-04-13T19:48:49Z,36.198563,-85.538762,0.01,5.07
2019-04-13T19:48:49Z,36.198563,-85.538762,0.02,342.70
2019-04-13T19:48:49Z,36.198563,-85.538762,0.02,342.70
2019-04-13T19:48:49Z,36.198563,-85.538762,0.01,295.10
2019-04-13T19:48:50Z,36.198563,-85.538762,0.01,295.10
2019-04-13T19:48:50Z,36.198563,-85.538762,0.01,305.97
2019-04-13T19:48:50Z,36.198563,-85.538762,0.01,305.97
2019-04-13T19:48:50Z,36.198563,-85.538762,0.01,291.36
2019-04-13T19:48:51Z,36.198563,-85.538762,0.01,291.36
2019-04-13T19:48:51Z,36.198563,-85.538762,0.01,272.05
2019-04-13T19:48:51Z,36.198563,-85.538762,0.01,272.05
2019-04-13T19:48:51Z,36.198563,-85.538762,0.01,273.58
2019-04-13T19:48:52Z,36.198563,-85.538762,0.01,273.58
2019-04-13T19:48:52Z,36.198563,-85.538762,0.01,277.67
2019-04-13T19:48:52Z,36.198563,-85.538762,0.01,277.67
2019-04-13T19:48:52Z,36.198563,-85.538762,0.01,262.78
2019-04-13T19:48:53Z,36.198563,-85.538762,0.01,262.78
2019-04-13T19:48:53Z,36.198563,-85.538762,0.01,274.99
2019-04-13T19:48:53Z,36.198563,-85.538762,0.01,274.99
2019-04-13T19:48:53Z,36.198563,-85.538762,0.01,308.74
2019-04-13T19:48:54Z,36.198563,-85.538762,0.01,308.74
2019-04-13T19:48:54Z,36.198563,-85.538762,0.01,328.67
2019-04-13T19:48:54Z,36.198563,-85.538762,0.01,328.67
2019-04-13T19:48:54Z,36.198563,-85.538762,0.01,120.81
2019-04-13T19:48:55Z,36.198563,-85.538762,0.01,120.81
2019-04-13T19:48:55Z,36.198563,-85.538762,0.00,101.56
2019-04-13T19:48:55Z,36.198563,-85.538762,0.00,101.56
2019-04-13T19:48:55Z,36.198563,-85.538762,0.01,79.76
2019-04-13T19:48:56Z,36.198563,-85.538762,0.01,79.76
2019-04-13T19:48:56Z,36.198563,-85.538762,0.01,84.19
2019-04-13T19:48:56Z,36.198563,-85.538762,0.01,84.19
2019-04-13T19:48:56Z,36.198563,-85.538762,0.02,94.86
2019-04-13T19:48:57Z,36.198563,-85.538762,0.02,94.86
2019-04-13T19:48:57Z,36.198563,-85.538762,0.01,67.78
2019-04-13T19:48:57Z,36.198563,-85.538762,0.01,67.78
2019-04-13T19:48:57Z,36.198563,-85.538762,0.01,62.26
2019-04-13T19:48:58Z,36.198563,-85.538762,0.01,62.26
2019-04-13T19:48:58Z,36.198563,-85.538762,0.01,104.43
2019-04-13T19:48:58Z,36.198563,-85.538762,0.01,104.43
2019-04-13T19:48:58Z,36.198563,-85.538762,0.01,62.94
2019-04-13T19:48:59Z,36.198563,-85.538762,0.01,62.94
2019-04-13T19:48:59Z,36.198563,-85.538762,0.01,71.32
2019-04-13T19:48:59Z,36.198563,-85.538762,0.01,71.32
2019-04-13T19:48:59Z,36.198563,-85.538762,0.01,63.69
2019-04-13T19:49:00Z,36.198563,-85.538762,0.01,63.69
2019-04-13T19:49:00Z,36.198563,-85.538762,0.01,71.19
2019-04-13T19:49:00Z,36.198563,-85.538762,0.01,71.19
2019-04-13T19:49:00Z,36.198563,-85.538762,0.01,341.69
2019-04-13T19:49:01Z,36.198563,-85.538762,0.01,341.69
2019-04-13T19:49:01Z,36.198563,-85.538762,0.01,336.98
2019-04-13T19:49:01Z,36.198563,-85.538762,0.01,336.98
2019-04-13T19:49:01Z,36.198563,-85.538762,0.01,265.04
2019-04-13T19:49:02Z,36.198563,-85.538762,0.01,265.04
2019-04-13T19:49:02Z,36.198563,-85.538762,0.02,290.75
2019-04-13T19:49:02Z,36.198563,-85.538762,0.02,290.75
2019-04-13T19:49:02Z,36.198563,-85.538762,0.01,264.97
2019-04-13T19:49:03Z,36.198563,-85.538762,0.01,264.97
2019-04-13T19:49:03Z,36.198563,-85.538762,0.01,269.59
2019-04-13T19:49:03Z,36.198563,-85.538762,0.01,269.59
2019-04-13T19:49:03Z,36.198563,-85.538762,0.02,282.87
2019-04-13T19:49:04Z,36.198563,-85.538762,0.02,282.87
2019-04-13T19:49:04Z,36.198563,-85.538762,0.02,262.92
2019-04-13T19:49:04Z,36.198563,-85.538762,0.02,262.92
2019-04-13T19:49:04Z,36.198563,-85.538762,0.01,264.10
2019-04-13T19:49:05Z,36.198563,-85.538762,0.01,264.10
2019-04-13T19:49:05Z,36.198563,-85.538762,0.01,285.28
2019-04-13T19:49:05Z,36.198563,-85.538762,0.01,285.28
2019-04-13T19:49:05Z,36.198563,-85.538762,0.02,275.04
2019-04-13T19:49:06Z,36.198563,-85.538762,0.02,275.04
2019-04-13T19:49:06Z,36.198563,-85.538762,0.01,245.80
2019-04-13T19:49:06Z,36.198563,-85.538762,0.01,245.80
2019-04-13T19:49:06Z,36.198563,-85.538762,0.01,162.63
2019-04-13T19:49:07Z,36.198563,-85.538762,0.01,162.63
2019-04-13T19:49:07Z,36.198563,-85.538762,0.01,171.09
2019-04-13T19:49:07Z,36.198563,-85.538762,0.01,171.09
2019-04-13T19:49:07Z,36.198563,-85.538762,0.02,96.92
2019-04-13T19:49:08Z,36.198563,-85.538762,0.02,96.92
2019-04-13T19:49:08Z,36.198563,-85.538762,0.01,83.72
2019-04-13T19:49:08Z,36.198563,-85.538762,0.01,83.72
2019-04-13T19:49:08Z,36.198563,-85.538762,0.02,82.71
2019-04-13T19:49:09Z,36.198563,-85.538762,0.02,82.71
2019-04-13T19:49:09Z,36.198563,-85.538762,0.01,81.34
2019-04-13T19:49:09Z,36.198563,-85.538762,0.01,81.34
2019-04-13T19:49:09Z,36.198563,-85.538762,0.01,114.97
2019-04-13T19:49:10Z,36.198563,-85.538762,0.01,114.97
2019-04-13T19:49:10Z,36.198563,-85.538762,0.02,44.01
2019-04-13T19:49:10Z,36.198563,-85.538762,0.02,44.01
2019-04-13T19:49:10Z,36.198563,-85.538762,0.02,115.26
2019-04-13T19:49:11Z,36.198563,-85.538762,0.02,115.26
2019-04-13T19:49:11Z,36.198563,-85.538762,0.02,84.15
2019-04-13T19:49:11Z,36.198563,-85.538762,0.02,84.15
2019-04-13T19:49:11Z,36.198563,-85.538762,0.01,89.80
2019-04-13T19:49:12Z,36.198563,-85.538762,0.01,89.80
2019-04-13T19:49:12Z,36.198563,-85.538762,0.02,88.01
2019-04-13T19:49:12Z,36.198563,-85.538762,0.02,88.01
2019-04-13T19:49:12Z,36.198563,-85.538762,0.01,80.54
2019-04-13T19:49:13Z,36.198563,-85.538762,0.01,80.54
2019-04-13T19:49:13Z,36.198563,-85.538762,0.01,84.61
2019-04-13T19:49:13Z,36.198563,-85.538762,0.01,84.61
2019-04-13T19:49:13Z,36.198563,-85.538762,0.02,91.71
2019-04-13T19:49:14Z,36.198563,-85.538762,0.02,91.71
2019-04-13T19:49:14Z,36.198563,-85.538762,0.02,95.27
2019-04-13T19:49:14Z,36.198563,-85.538762,0.02,95.27
2019-04-13T19:49:14Z,36.198563,-85.538762,0.01,87.10
2019-04-13T19:49:15Z,36.198563,-85.538762,0.01,87.10
2019-04-13T19:49:15Z,36.198563,-85.538762,0.02,93.89
2019-04-13T19:49:15Z,36.198563,-85.538762,0.02,93.89
2019-04-13T19:49:15Z,36.198563,-85.538762,0.01,92.78
2019-04-13T19:49:16Z,36.198563,-85.538762,0.01,92.78
2019-04-13T19:49:16Z,36.198563,-85.538762,0.01,97.65
2019-04-13T19:49:16Z,36.198563,-85.538762,0.01,97.65
2019-04-13T19:49:16Z,36.198563,-85.538762,0.01,118.21
2019-04-13T19:49:17Z,36.198563,-85.538762,0.01,118.21
2019-04-13T19:49:17Z,36.198563,-85.538762,0.02,117.67
2019-04-13T19:49:17Z,36.198563,-85.538762,0.02,117.67
2019-04-13T19:49:17Z,36.198563,-85.538762,0.01,96.74
2019-04-13T19:49:18Z,36.198563,-85.538762,0.01,96.74
2019-04-13T19:49:18Z,36.198563,-85.538762,0.01,107.24
2019-04-13T19:49:18Z,36.198563,-85.538762,0.01,107.24
2019-04-13T19:49:18Z,36.198563,-85.538762,0.01,68.46
2019-04-13T19:49:19Z,36.198563,-85.538762,0.01,68.46
2019-04-13T19:49:19Z,36.198563,-85.538762,0.01,106.87
2019-04-13T19:49:19Z,36.198563,-85.538762,0.01,106.87
2019-04-13T19:49:19Z,36.198563,-85.538762,0.00,283.77
2019-04-13T19:49:20Z,36.198563,-85.538762,0.00,283.77
2019-04-13T19:49:20Z,36.198563,-85.538762,0.01,278.10
2019-04-13T19:49:20Z,36.198563,-85.538762,0.01,278.10
2019-04-13T19:49:20Z,36.198563,-85.538762,0.00,149.14
2019-04-13T19:49:21Z,36.198563,-85.538762,0.00,149.14
2019-04-13T19:49:21Z,36.198563,-85.538762,0.00,76.24
2019-04-13T19:49:21Z,36.198563,-85.538762,0.00,76.24
2019-04-13T19:49:21Z,36.198563,-85.538762,0.00,91.41
2019-04-13T19:49:22Z,36.198563,-85.538762,0.00,91.41
2019-04-13T19:49:22Z,36.198563,-85.538762,0.00,109.01
2019-04-13T19:49:22Z,36.198563,-85.538762,0.00,109.01
2019-04-13T19:49:22Z,36.198563,-85.538762,0.01,130.18
2019-04-13T19:49:23Z,36.198563,-85.538762,0.01,130.18
2019-04-13T19:49:23Z,36.198563,-85.538762,0.01,337.91
2019-04-13T19:49:23Z,36.198563,-85.538762,0.01,337.91
2019-04-13T19:49:23Z,36.198563,-85.538762,0.01,196.36
2019-04-13T19:49:24Z,36.198563,-85.538762,0.01,196.36
2019-04-13T19:49:24Z,36.198563,-85.538762,0.00,37.39
2019-04-13T19:49:24Z,36.198563,-85.538762,0.00,37.39
2019-04-13T19:49:24Z,36.198563,-85.538762,0.01,155.30
2019-04-13T19:49:25Z,36.198563,-85.538762,0.01,155.30
2019-04-13T19:49:25Z,36.198563,-85.538762,0.01,225.57
2019-04-13T19:49:25Z,36.198563,-85.538762,0.01,225.57
2019-04-13T19:49:25Z,36.198563,-85.538762,0.01,257.48
2019-04-13T19:49:26Z,36.198563,-85.538762,0.01,257.48
2019-04-13T19:49:26Z,36.198563,-85.538762,0.01,238.02
2019-04-13T19:49:26Z,36.198563,-85.538762,0.01,238.02
2019-04-13T19:49:26Z,36.198563,-85.538762,0.00,218.55
2019-04-13T19:49:27Z,36.198563,-85.538762,0.00,218.55
2019-04-13T19:49:27Z,36.198563,-85.538762,0.01,218.56
2019-04-13T19:49:27Z,36.198563,-85.538762,0.01,218.56
2019-04-13T19:49:27Z,36.198563,-85.538762,0.00,228.74
2019-04-13T19:49:28Z,36.198563,-85.538762,0.00,228.74
2019-04-13T19:49:28Z,36.198563,-85.538762,0.01,180.83
2019-04-13T19:49:28Z,36.198563,-85.538762,0.01,180.83
2019-04-13T19:49:28Z,36.198563,-85.538762,0.00,304.05
2019-04-13T19:49:29Z,36.198563,-85.538762,0.00,304.05
2019-04-13T19:49:29Z,36.198563,-85.538762,0.00,208.63
2019-04-13T19:49:29Z,36.198563,-85.538762,0.00,208.63
2019-04-13T19:49:29Z,36.198563,-85.538762,0.01,241.62
2019-04-13T19:49:30Z,36.198563,-85.538762,0.01,241.62
2019-04-13T19:49:30Z,36.198563,-85.538762,0.00,195.78
2019-04-13T19:49:30Z,36.198563,-85.538762,0.00,195.78
2019-04-13T19:49:30Z,36.198563,-85.538762,0.01,191.34
2019-04-13T19:49:31Z,36.198563,-85.538762,0.01,191.34
2019-04-13T19:49:31Z,36.198563,-85.538762,0.01,221.52
2019-04-13T19:49:31Z,36.198563,-85.538762,0.01,221.52
2019-04-13T19:49:31Z,36.198563,-85.538762,0.02,98.04
2019-04-13T19:49:32Z,36.198563,-85.538762,0.02,98.04
2019-04-13T19:49:32Z,36.198563,-85.538762,0.01,54.08
2019-04-13T19:49:32Z,36.198563,-85.538762,0.01,54.08
2019-04-13T19:49:32Z,36.198563,-85.538762,0.01,74.70
2019-04-13T19:49:33Z,36.198563,-85.538762,0.01,74.70
2019-04-13T19:49:33Z,36.198563,-85.538762,0.01,92.37
2019-04-13T19:49:33Z,36.198563,-85.538762,0.01,92.37
2019-04-13T19:49:33Z,36.198563,-85.538762,0.01,79.06
2019-04-13T19:49:34Z,36.198563,-85.538762,0.01,79.06
2019-04-13T19:49:34Z,36.198563,-85.538762,0.01,54.70
2019-04-13T19:49:34Z,36.198563,-85.538762,0.01,54.70
2019-04-13T19:49:34Z,36.198563,-85.538762,0.01,99.90
2019-04-13T19:49:35Z,36.198563,-85.538762,0.01,99.90
2019-04-13T19:49:35Z,36.198563,-85.538762,0.01,68.79
2019-04-13T19:49:35Z,36.198563,-85.538762,0.01,68.79
2019-04-13T19:49:35Z,36.198563,-85.538762,0.02,80.49
2019-04-13T19:49:36Z,36.198563,-85.538762,0.02,80.49
2019-04-13T19:49:36Z,36.198563,-85.538762,0.00,149.84
2019-04-13T19:49:36Z,36.198563,-85.538762,0.00,149.84
2019-04-13T19:49:36Z,36.198563,-85.538762,0.01,79.48
2019-04-13T19:49:37Z,36.198563,-85.538762,0.01,79.48
2019-04-13T19:49:37Z,36.198563,-85.538762,0.01,87.96
2019-04-13T19:49:37Z,36.198563,-85.538762,0.01,87.96
2019-04-13T19:49:37Z,36.198563,-85.538762,0.01,53.57
2019-04-13T19:49:38Z,36.198563,-85.538762,0.01,53.57
2019-04-13T19:49:38Z,36.198563,-85.538762,0.00,46.67
2019-04-13T19:49:38Z,36.198563,-85.538762,0.00,46.67
2019-04-13T19:49:38Z,36.198563,-85.538762,0.01,108.32
2019-04-13T19:49:39Z,36.198563,-85.538762,0.01,108.32
2019-04-13T19:49:39Z,36.198563,-85.538762,0.01,37.36
2019-04-13T19:49:39Z,36.198563,-85.538762,0.01,37.36
2019-04-13T19:49:39Z,36.198563,-85.538762,0.00,346.88
2019-04-13T19:49:40Z,36.198563,-85.538762,0.00,346.88
2019-04-13T19:49:40Z,36.198563,-85.538762,0.00,118.29
2019-04-13T19:49:40Z,36.198563,-85.538762,0.00,118.29
2019-04-13T19:49:40Z,36.198563,-85.538762,0.01,46.17
2019-04-13T19:49:41Z,36.198563,-85.538762,0.01,46.17
2019-04-13T19:49:41Z,36.198563,-85.538762,0.01,108.09
2019-04-13T19:49:41Z,36.198563,-85.538762,0.01,108.09
2019-04-13T19:49:41Z,36.198563,-85.538762,0.00,16.88
2019-04-13T19:49:42Z,36.198563,-85.538762,0.00,16.88
2019-04-13T19:49:42Z,36.198563,-85.538762,0.01,55.44
2019-04-13T19:49:42Z,36.198563,-85.538762,0.01,55.44
2019-04-13T19:49:42Z,36.198563,-85.538762,0.00,119.96
2019-04-13T19:49:43Z,36.198563,-85.538762,0.00,119.96
2019-04-13T19:49:43Z,36.198563,-85.538762,0.01,345.61
2019-04-13T19:49:43Z,36.198563,-85.538762,0.01,345.61
2019-04-13T19:49:43Z,36.198563,-85.538762,0.01,116.50
2019-04-13T19:49:44Z,36.198562,-85.538762,0.01,116.50
2019-04-13T19:49:44Z,36.198562,-85.538762,0.01,299.20
2019-04-13T19:49:44Z,36.198562,-85.538762,0.01,299.20
2019-04-13T19:49:44Z,36.198562,-85.538762,0.01,182.77
2019-04-13T19:49:45Z,36.198562,-85.538762,0.01,182.77
2019-04-13T19:49:45Z,36.198562,-85.538762,0.01,145.82
2019-04-13T19:49:45Z,36.198562,-85.538762,0.01,145.82
2019-04-13T19:49:45Z,36.198562,-85.538762,0.01,347.36
2019-04-13T19:49:46Z,36.198562,-85.538762,0.01,347.36
2019-04-13T19:49:46Z,36.198562,-85.538762,0.01,351.44
2019-04-13T19:49:46Z,36.198562,-85.538762,0.01,351.44
2019-04-13T19:49:46Z,36.198562,-85.538762,0.01,185.13
2019-04-13T19:49:47Z,36.198562,-85.538762,0.01,185.13
2019-04-13T19:49:47Z,36.198562,-85.538762,0.00,0.00
2019-04-13T19:49:47Z,36.198562,-85.538762,0.00,0.00
2019-04-13T19:49:47Z,36.198562,-85.538762,0.01,17.88
2019-04-13T19:49:48Z,36.198562,-85.538762,0.01,17.88
2019-04-13T19:49:48Z,36.198562,-85.538762,0.01,327.90
2019-04-13T19:49:48Z,36.198562,-85.538762,0.01,327.90
2019-04-13T19:49:48Z,36.198562,-85.538762,0.01,226.37
2019-04-13T19:49:49Z,36.198562,-85.538762,0.01,226.37
2019-04-13T19:49:49Z,36.198562,-85.538762,0.00,292.15
2019-04-13T19:49:49Z,36.198562,-85.538762,0.00,292.15
2019-04-13T19:49:49Z,36.198562,-85.538762,0.01,268.43
2019-04-13T19:49:50Z,36.198562,-85.538762,0.01,268.43
2019-04-13T19:49:50Z,36.198562,-85.538762,0.01,276.54
2019-04-13T19:49:50Z,36.198562,-85.538762,0.01,276.54
2019-04-13T19:49:50Z,36.198562,-85.538762,0.01,264.60
2019-04-13T19:49:51Z,36.198562,-85.538762,0.01,264.60
2019-04-13T19:49:51Z,36.198562,-85.538762,0.01,273.87
2019-04-13T19:49:51Z,36.198562,-85.538762,0.01,273.87
2019-04-13T19:49:51Z,36.198562,-85.538762,0.01,249.40
2019-04-13T19:49:52Z,36.198562,-85.538762,0.01,249.40
2019-04-13T19:49:52Z,36.198562,-85.538762,0.01,267.16
2019-04-13T19:49:52Z,36.198562,-85.538762,0.01,267.16
2019-04-13T19:49:52Z,36.198562,-85.538762,0.01,276.34
2019-04-13T19:49:53Z,36.198562,-85.538762,0.01,276.34
2019-04-13T19:49:53Z,36.198562,-85.538762,0.01,296.63
2019-04-13T19:49:53Z,36.198562,-85.538762,0.01,296.63
2019-04-13T19:49:53Z,36.198562,-85.538762,0.01,279.06
2019-04-13T19:49:54Z,36.198562,-85.538762,0.01,279.06
2019-04-13T19:49:54Z,36.198562,-85.538762,0.01,251.88
2019-04-13T19:49:54Z,36.198562,-85.538762,0.01,251.88
2019-04-13T19:49:54Z,36.198562,-85.538762,0.00,296.42
2019-04-13T19:49:55Z,36.198562,-85.538762,0.00,296.42
2019-04-13T19:49:55Z,36.198562,-85.538762,0.00,275.78
2019-04-13T19:49:55Z,36.198562,-85.538762,0.00,275.78
2019-04-13T19:49:55Z,36.198562,-85.538762,0.01,64.08
2019-04-13T19:49:56Z,36.198562,-85.538762,0.01,64.08
2019-04-13T19:49:56Z,36.198562,-85.538762,0.01,23.59
2019-04-13T19:49:56Z,36.198563,-85.538762,0.01,23.59
2019-04-13T19:49:56Z,36.198563,-85.538762,0.01,62.04
2019-04-13T19:49:57Z,36.198563,-85.538762,0.01,62.04
2019-04-13T19:49:57Z,36.198563,-85.538762,0.02,92.51
2019-04-13T19:49:57Z,36.198563,-85.538762,0.02,92.51
2019-04-13T19:49:57Z,36.198563,-85.538762,0.01,48.67
2019-04-13T19:49:58Z,36.198563,-85.538762,0.01,48.67
2019-04-13T19:49:58Z,36.198563,-85.538762,0.01,86.63
2019-04-13T19:49:58Z,36.198563,-85.538762,0.01,86.63
2019-04-13T19:49:58Z,36.198563,-85.538762,0.01,106.89
2019-04-13T19:49:59Z,36.198563,-85.538762,0.01,106.89
2019-04-13T19:49:59Z,36.198563,-85.538762,0.01,40.22
2019-04-13T19:49:59Z,36.198563,-85.538762,0.01,40.22
2019-04-13T19:49:59Z,36.198563,-85.538762,0.01,120.69
2019-04-13T19:50:00Z,36.198563,-85.538762,0.01,120.69
2019-04-13T19:50:00Z,36.198563,-85.538762,0.01,94.09
2019-04-13T19:50:00Z,36.198563,-85.538762,0.01,94.09
2019-04-13T19:50:00Z,36.198563,-85.538762,0.02,18.21
2019-04-13T19:50:01Z,36.198563,-85.538762,0.02,18.21
2019-04-13T19:50:01Z,36.198563,-85.538762,0.02,328.33
2019-04-13T19:50:01Z,36.198563,-85.538762,0.02,328.33
2019-04-13T19:50:01Z,36.198563,-85.538762,0.01,266.09
2019-04-13T19:50:02Z,36.198563,-85.538762,0.01,266.09
2019-04-13T19:50:02Z,36.198563,-85.538762,0.01,245.33
2019-04-13T19:50:02Z,36.198563,-85.538762,0.01,245.33
2019-04-13T19:50:02Z,36.198563,-85.538762,0.01,294.04
2019-04-13T19:50:03Z,36.198563,-85.538762,0.01,294.04
2019-04-13T19:50:03Z,36.198563,-85.538762,0.01,281.04
2019-04-13T19:50:03Z,36.198563,-85.538762,0.01,281.04
2019-04-13T19:50:03Z,36.198563,-85.538762,0.01,285.33
2019-04-13T19:50:04Z,36.198563,-85.538762,0.01,285.33
2019-04-13T19:50:04Z,36.198563,-85.538762,0.01,248.92
2019-04-13T19:50:04Z,36.198563,-85.538762,0.01,248.92
2019-04-13T19:50:04Z,36.198563,-85.538762,0.01,290.10
2019-04-13T19:50:05Z,36.198563,-85.538762,0.01,290.10
2019-04-13T19:50:05Z,36.198563,-85.538762,0.02,287.00
2019-04-13T19:50:05Z,36.198563,-85.538762,0.02,287.00
2019-04-13T19:50:05Z,36.198563,-85.538762,0.01,286.19
2019-04-13T19:50:06Z,36.198563,-85.538762,0.01,286.19
2019-04-13T19:50:06Z,36.198563,-85.538762,0.00,241.40
2019-04-13T19:50:06Z,36.198563,-85.538762,0.00,241.40
2019-04-13T19:50:06Z,36.198563,-85.538762,0.01,226.30
2019-04-13T19:50:07Z,36.198563,-85.538762,0.01,226.30
2019-04-13T19:50:07Z,36.198563,-85.538762,0.01,161.01
2019-04-13T19:50:07Z,36.198563,-85.538762,0.01,161.01
2019-04-13T19:50:07Z,36.198563,-85.538762,0.02,99.58
2019-04-13T19:50:08Z,36.198563,-85.538762,0.02,99.58
2019-04-13T19:50:08Z,36.198563,-85.538762,0.02,125.14
2019-04-13T19:50:08Z,36.198563,-85.538762,0.02,125.14
2019-04-13T19:50:08Z,36.198563,-85.538762,0.01,84.32
2019-04-13T19:50:09Z,36.198563,-85.538762,0.01,84.32
2019-04-13T19:50:09Z,36.198563,-85.538762,0.01,83.10
2019-04-13T19:50:09Z,36.198563,-85.538762,0.01,83.10
2019-04-13T19:50:09Z,36.198563,-85.538762,0.02,114.84
2019-04-13T19:50:10Z,36.198563,-85.538762,0.02,114.84
2019-04-13T19:50:10Z,36.198563,-85.538762,0.01,118.53
2019-04-13T19:50:10Z,36.198563,-85.538762,0.01,118.53
2019-04-13T19:50:10Z,36.198563,-85.538762,0.01,95.03
2019-04-13T19:50:11Z,36.198563,-85.538762,0.01,95.03
2019-04-13T19:50:11Z,36.198563,-85.538762,0.01,111.95
2019-04-13T19:50:11Z,36.198563,-85.538762,0.01,111.95
2019-04-13T19:50:11Z,36.198563,-85.538762,0.02,90.78
2019-04-13T19:50:12Z,36.198563,-85.538762,0.02,90.78
2019-04-13T19:50:12Z,36.198563,-85.538762,0.01,116.46
2019-04-13T19:50:12Z,36.198563,-85.538762,0.01,116.46
2019-04-13T19:50:12Z,36.198563,-85.538762,0.01,5.56
2019-04-13T19:50:13Z,36.198563,-85.538762,0.01,5.56
2019-04-13T19:50:13Z,36.198563,-85.538762,0.01,11.70
2019-04-13T19:50:13Z,36.198563,-85.538762,0.01,11.70
2019-04-13T19:50:13Z,36.198563,-85.538762,0.01,264.69
2019-04-13T19:50:14Z,36.198563,-85.538762,0.01,264.69
2019-04-13T19:50:14Z,36.198563,-85.538762,0.01,267.56
2019-04-13T19:50:14Z,36.198563,-85.538762,0.01,267.56
2019-04-13T19:50:14Z,36.198563,-85.538762,0.02,271.53
2019-04-13T19:50:15Z,36.198563,-85.538762,0.02,271.53
2019-04-13T19:50:15Z,36.198563,-85.538762,0.01,283.53
2019-04-13T19:50:15Z,36.198563,-85.538762,0.01,283.53
2019-04-13T19:50:15Z,36.198563,-85.538762,0.01,272.81
2019-04-13T19:50:16Z,36.198563,-85.538762,0.01,272.81
2019-04-13T19:50:16Z,36.198563,-85.538762,0.01,249.63
2019-04-13T19:50:16Z,36.198563,-85.538762,0.01,249.63
2019-04-13T19:50:16Z,36.198563,-85.538762,0.01,298.34
2019-04-13T19:50:17Z,36.198563,-85.538762,0.01,298.34
2019-04-13T19:50:17Z,36.198563,-85.538762,0.00,221.85
2019-04-13T19:50:17Z,36.198563,-85.538762,0.00,221.85
2019-04-13T19:50:17Z,36.198563,-85.538762,0.01,292.98
2019-04-13T19:50:18Z,36.198563,-85.538762,0.01,292.98
2019-04-13T19:50:18Z,36.198563,-85.538762,0.01,196.72
2019-04-13T19:50:18Z,36.198563,-85.538762,0.01,196.72
2019-04-13T19:50:18Z,36.198563,-85.538762,0.00,157.02
2019-04-13T19:50:19Z,36.198563,-85.538762,0.00,157.02
2019-04-13T19:50:19Z,36.198563,-85.538762,0.01,206.86
2019-04-13T19:50:19Z,36.198563,-85.538762,0.01,206.86
2019-04-13T19:50:19Z,36.198563,-85.538762,0.01,94.96
2019-04-13T19:50:20Z,36.198563,-85.538762,0.01,94.96
2019-04-13T19:50:20Z,36.198563,-85.538762,0.01,93.82
2019-04-13T19:50:20Z,36.198563,-85.538762,0.01,93.82
2019-04-13T19:50:20Z,36.198563,-85.538762,0.01,108.02
2019-04-13T19:50:21Z,36.198563,-85.538762,0.01,108.02
2019-04-13T19:50:21Z,36.198563,-85.538762,0.01,49.82
2019-04-13T19:50:21Z,36.198563,-85.538762,0.01,49.82
2019-04-13T19:50:21Z,36.198563,-85.538762,0.00,204.72
2019-04-13T19:50:22Z,36.198563,-85.538762,0.00,204.72
2019-04-13T19:50:22Z,36.198563,-85.538762,0.01,111.12
2019-04-13T19:50:22Z,36.198563,-85.538762,0.01,111.12
2019-04-13T19:50:22Z,36.198563,-85.538762,0.02,92.99
2019-04-13T19:50:23Z,36.198563,-85.538762,0.02,92.99
2019-04-13T19:50:23Z,36.198563,-85.538762,0.01,16.44
2019-04-13T19:50:23Z,36.198563,-85.538762,0.01,16.44
2019-04-13T19:50:23Z,36.198563,-85.538762,0.01,130.63
2019-04-13T19:50:24Z,36.198563,-85.538762,0.01,130.63
2019-04-13T19:50:24Z,36.198563,-85.538762,0.01,79.27
2019-04-13T19:50:24Z,36.198563,-85.538762,0.01,79.27
2019-04-13T19:50:24Z,36.198563,-85.538762,0.01,35.84
2019-04-13T19:50:25Z,36.198563,-85.538762,0.01,35.84
2019-04-13T19:50:25Z,36.198563,-85.538762,0.01,27.78
2019-04-13T19:50:25Z,36.198563,-85.538762,0.01,27.78
2019-04-13T19:50:25Z,36.198563,-85.538762,0.01,261.15
2019-04-13T19:50:26Z,36.198563,-85.538762,0.01,261.15
2019-04-13T19:50:26Z,36.198563,-85.538762,0.01,297.32
2019-04-13T19:50:26Z,36.198563,-85.538762,0.01,297.32
2019-04-13T19:50:26Z,36.198563,-85.538762,0.01,286.48
2019-04-13T19:50:27Z,36.198563,-85.538762,0.01,286.48
2019-04-13T19:50:27Z,36.198563,-85.538762,0.01,219.41
2019-04-13T19:50:27Z,36.198563,-85.538762,0.01,219.41
2019-04-13T19:50:27Z,36.198563,-85.538762,0.01,230.90
2019-04-13T19:50:28Z,36.198563,-85.538762,0.01,230.90
2019-04-13T19:50:28Z,36.198563,-85.538762,0.00,236.21
2019-04-13T19:50:28Z,36.198563,-85.538762,0.00,236.21
2019-04-13T19:50:28Z,36.198563,-85.538762,0.01,257.27
2019-04-13T19:50:29Z,36.198563,-85.538762,0.01,257.27
2019-04-13T19:50:29Z,36.198563,-85.538762,0.01,293.35
2019-04-13T19:50:29Z,36.198563,-85.538762,0.01,293.35
2019-04-13T19:50:29Z,36.198563,-85.538762,0.01,269.80
2019-04-13T19:50:30Z,36.198563,-85.538762,0.01,269.80
2019-04-13T19:50:30Z,36.198563,-85.538762,0.01,249.27
2019-04-13T19:50:30Z,36.198563,-85.538762,0.01,249.27
2019-04-13T19:50:30Z,36.198563,-85.538762,0.01,251.83
2019-04-13T19:50:31Z,36.198563,-85.538762,0.01,251.83
2019-04-13T19:50:31Z,36.198563,-85.538762,0.00,103.28
2019-04-13T19:50:31Z,36.198563,-85.538762,0.00,103.28
2019-04-13T19:50:31Z,36.198563,-85.538762,0.02,72.86
2019-04-13T19:50:32Z,36.198563,-85.538762,0.02,72.86
2019-04-13T19:50:32Z,36.198563,-85.538762,0.01,101.72
2019-04-13T19:50:32Z,36.198563,-85.538762,0.01,101.72
2019-04-13T19:50:32Z,36.198563,-85.538762,0.01,24.62
2019-04-13T19:50:33Z,36.198563,-85.538762,0.01,24.62
2019-04-13T19:50:33Z,36.198563,-85.538762,0.00,78.71
2019-04-13T19:50:33Z,36.198563,-85.538762,0.00,78.71
2019-04-13T19:50:33Z,36.198563,-85.538762,0.01,66.75
2019-04-13T19:50:34Z,36.198563,-85.538762,0.01,66.75
2019-04-13T19:50:34Z,36.198563,-85.538762,0.01,110.30
2019-04-13T19:50:34Z,36.198563,-85.538762,0.01,110.30
2019-04-13T19:50:34Z,36.198563,-85.538762,0.01,39.63
2019-04-13T19:50:35Z,36.198563,-85.538762,0.01,39.63
2019-04-13T19:50:35Z,36.198563,-85.538762,0.00,36.52
2019-04-13T19:50:35Z,36.198563,-85.538762,0.00,36.52
2019-04-13T19:50:35Z,36.198563,-85.538762,0.01,65.91
2019-04-13T19:50:36Z,36.198563,-85.538762,0.01,65.91
2019-04-13T19:50:36Z,36.198563,-85.538762,0.01,112.48
2019-04-13T19:50:36Z,36.198563,-85.538762,0.01,112.48
2019-04-13T19:50:36Z,36.198563,-85.538762,0.01,108.33
2019-04-13T19:50:37Z,36.198563,-85.538762,0.01,108.33
2019-04-13T19:50:37Z,36.198563,-85.538762,0.01,73.13
2019-04-13T19:50:37Z,36.198563,-85.538762,0.01,73.13
2019-04-13T19:50:37Z,36.198563,-85.538762,0.01,143.29
2019-04-13T19:50:38Z,36.198563,-85.538762,0.01,143.29
2019-04-13T19:50:38Z,36.198563,-85.538762,0.00,101.40
2019-04-13T19:50:38Z,36.198563,-85.538762,0.00,101.40
2019-04-13T19:50:38Z,36.198563,-85.538762,0.00,170.87
2019-04-13T19:50:39Z,36.198563,-85.538762,0.00,170.87
2019-04-13T19:50:39Z,36.198563,-85.538762,0.01,153.21
2019-04-13T19:50:39Z,36.198563,-85.538762,0.01,153.21
2019-04-13T19:50:39Z,36.198563,-85.538762,0.00,247.88
2019-04-13T19:50:40Z,36.198563,-85.538762,0.00,247.88
2019-04-13T19:50:40Z,36.198563,-85.538762,0.01,163.72
2019-04-13T19:50:40Z,36.198563,-85.538762,0.01,163.72
2019-04-13T19:50:40Z,36.198563,-85.538762,0.00,115.76
2019-04-13T19:50:41Z,36.198563,-85.538762,0.00,115.76
2019-04-13T19:50:41Z,36.198563,-85.538762,0.01,107.12
2019-04-13T19:50:41Z,36.198563,-85.538762,0.01,107.12
2019-04-13T19:50:41Z,36.198563,-85.538762,0.01,179.70
2019-04-13T19:50:42Z,36.198563,-85.538762,0.01,179.70
2019-04-13T19:50:42Z,36.198563,-85.538762,0.00,188.40
2019-04-13T19:50:42Z,36.198563,-85.538762,0.00,188.40
2019-04-13T19:50:42Z,36.198563,-85.538762,0.01,145.65
2019-04-13T19:50:43Z,36.198563,-85.538762,0.01,145.65
2019-04-13T19:50:43Z,36.198563,-85.538762,0.01,58.51
2019-04-13T19:50:43Z,36.198563,-85.538762,0.01,58.51
2019-04-13T19:50:43Z,36.198563,-85.538762,0.01,104.80
2019-04-13T19:50:44Z,36.198563,-85.538762,0.01,104.80
2019-04-13T19:50:44Z,36.198563,-85.538762,0.01,140.42
2019-04-13T19:50:44Z,36.198563,-85.538762,0.01,140.42
2019-04-13T19:50:44Z,36.198563,-85.538762,0.00,136.61
2019-04-13T19:50:45Z,36.198563,-85.538762,0.00,136.61
2019-04-13T19:50:45Z,36.198563,-85.538762,0.00,223.77
2019-04-13T19:50:45Z,36.198563,-85.538762,0.00,223.77
2019-04-13T19:50:45Z,36.198563,-85.538762,0.00,99.24
2019-04-13T19:50:46Z,36.198563,-85.538762,0.00,99.24
2019-04-13T19:50:46Z,36.198563,-85.538762,0.00,331.56
2019-04-13T19:50:46Z,36.198563,-85.538762,0.00,331.56
2019-04-13T19:50:46Z,36.198563,-85.538762,0.00,171.42
2019-04-13T19:50:47Z,36.198563,-85.538762,0.00,171.42
2019-04-13T19:50:47Z,36.198563,-85.538762,0.00,260.62
2019-04-13T19:50:47Z,36.198563,-85.538762,0.00,260.62
2019-04-13T19:50:47Z,36.198563,-85.538762,0.00,175.99
2019-04-13T19:50:48Z,36.198563,-85.538762,0.00,175.99
2019-04-13T19:50:48Z,36.198563,-85.538762,0.00,181.59
2019-04-13T19:50:48Z,36.198563,-85.538762,0.00,181.59
2019-04-13T19:50:48Z,36.198563,-85.538762,0.01,359.32
2019-04-13T19:50:49Z,36.198563,-85.538762,0.01,359.32
2019-04-13T19:50:49Z,36.198563,-85.538762,0.01,277.60
2019-04-13T19:50:49Z,36.198563,-85.538762,0.01,277.60
2019-04-13T19:50:49Z,36.198563,-85.538762,0.01,15.13
2019-04-13T19:50:50Z,36.198563,-85.538762,0.01,15.13
2019-04-13T19:50:50Z,36.198563,-85.538762,0.01,275.68
2019-04-13T19:50:50Z,36.198563,-85.538762,0.01,275.68
2019-04-13T19:50:50Z,36.198563,-85.538762,0.01,50.13
2019-04-13T19:50:51Z,36.198563,-85.538762,0.01,50.13
2019-04-13T19:50:51Z,36.198563,-85.538762,0.00,309.27
2019-04-13T19:50:51Z,36.198563,-85.538762,0.00,309.27
2019-04-13T19:50:51Z,36.198563,-85.538762,0.01,354.81
2019-04-13T19:50:52Z,36.198563,-85.538762,0.01,354.81
2019-04-13T19:50:52Z,36.198563,-85.538762,0.01,37.75
2019-04-13T19:50:52Z,36.198563,-85.538762,0.01,37.75
2019-04-13T19:50:52Z,36.198563,-85.538762,0.01,322.48
2019-04-13T19:50:53Z,36.198563,-85.538762,0.01,322.48
2019-04-13T19:50:53Z,36.198563,-85.538762,0.00,274.30
2019-04-13T19:50:53Z,36.198563,-85.538762,0.00,274.30
2019-04-13T19:50:53Z,36.198563,-85.538762,0.00,136.08
2019-04-13T19:50:54Z,36.198563,-85.538762,0.00,136.08
2019-04-13T19:50:54Z,36.198563,-85.538762,0.01,226.31
2019-04-13T19:50:54Z,36.198563,-85.538762,0.01,226.31
2019-04-13T19:50:54Z,36.198563,-85.538762,0.01,106.77
2019-04-13T19:50:55Z,36.198563,-85.538762,0.01,106.77
2019-04-13T19:50:55Z,36.198563,-85.538762,0.01,121.88
2019-04-13T19:50:55Z,36.198563,-85.538762,0.01,121.88
2019-04-13T19:50:55Z,36.198563,-85.538762,0.01,125.78
2019-04-13T19:50:56Z,36.198563,-85.538762,0.01,125.78
2019-04-13T19:50:56Z,36.198563,-85.538762,0.01,134.40
2019-04-13T19:50:56Z,36.198563,-85.538762,0.01,134.40
2019-04-13T19:50:56Z,36.198563,-85.538762,0.01,148.87
2019-04-13T19:50:57Z,36.198563,-85.538762,0.01,148.87
2019-04-13T19:50:57Z,36.198563,-85.538762,0.01,117.39
2019-04-13T19:50:57Z,36.198563,-85.538762,0.01,117.39
2019-04-13T19:50:57Z,36.198563,-85.538762,0.01,145.36
2019-04-13T19:50:58Z,36.198563,-85.538762,0.01,145.36
2019-04-13T19:50:58Z,36.198563,-85.538762,0.01,144.47
2019-04-13T19:50:58Z,36.198563,-85.538762,0.01,144.47
2019-04-13T19:50:58Z,36.198563,-85.538762,0.01,111.17
2019-04-13T19:50:59Z,36.198563,-85.538762,0.01,111.17
2019-04-13T19:50:59Z,36.198563,-85.538762,0.00,123.21
2019-04-13T19:50:59Z,36.198563,-85.538762,0.00,123.21
2019-04-13T19:50:59Z,36.198563,-85.538762,0.01,128.85
2019-04-13T19:51:00Z,36.198563,-85.538762,0.01,128.85
2019-04-13T19:51:00Z,36.198563,-85.538762,0.01,129.43
2019-04-13T19:51:00Z,36.198563,-85.538762,0.01,129.43
2019-04-13T19:51:00Z,36.198563,-85.538762,0.00,249.90
2019-04-13T19:51:01Z,36.198563,-85.538762,0.00,249.90
2019-04-13T19:51:01Z,36.198563,-85.538762,0.01,321.68
2019-04-13T19:51:01Z,36.198563,-85.538762,0.01,321.68
2019-04-13T19:51:01Z,36.198563,-85.538762,0.01,314.61
2019-04-13T19:51:02Z,36.198563,-85.538762,0.01,314.61
2019-04-13T19:51:02Z,36.198563,-85.538762,0.01,282.77
2019-04-13T19:51:02Z,36.198563,-85.538762,0.01,282.77
2019-04-13T19:51:02Z,36.198563,-85.538762,0.00,334.77
2019-04-13T19:51:03Z,36.198563,-85.538762,0.00,334.77
2019-04-13T19:51:03Z,36.198563,-85.538762,0.01,331.30
2019-04-13T19:51:03Z,36.198563,-85.538762,0.01,331.30
2019-04-13T19:51:03Z,36.198563,-85.538762,0.01,343.98
2019-04-13T19:51:04Z,36.198563,-85.538762,0.01,343.98
2019-04-13T19:51:04Z,36.198563,-85.538762,0.00,215.74
2019-04-13T19:51:04Z,36.198563,-85.538762,0.00,215.74
2019-04-13T19:51:04Z,36.198563,-85.538762,0.01,14.28
2019-04-13T19:51:05Z,36.198563,-85.538762,0.01,14.28
2019-04-13T19:51:05Z,36.198563,-85.538762,0.01,293.15
2019-04-13T19:51:05Z,36.198563,-85.538762,0.01,293.15
2019-04-13T19:51:05Z,36.198563,-85.538762,0.00,289.76
2019-04-13T19:51:06Z,36.198563,-85.538762,0.00,289.76
2019-04-13T19:51:06Z,36.198563,-85.538762,0.01,303.11
2019-04-13T19:51:06Z,36.198563,-85.538762,0.01,303.11
2019-04-13T19:51:06Z,36.198563,-85.538762,0.01,74.52
2019-04-13T19:51:07Z,36.198563,-85.538762,0.01,74.52
2019-04-13T19:51:07Z,36.198563,-85.538762,0.01,130.03
2019-04-13T19:51:07Z,36.198563,-85.538762,0.01,130.03
2019-04-13T19:51:07Z,36.198563,-85.538762,0.01,141.71
2019-04-13T19:51:08Z,36.198563,-85.538762,0.01,141.71
2019-04-13T19:51:08Z,36.198563,-85.538762,0.01,141.67
2019-04-13T19:51:08Z,36.198563,-85.538762,0.01,141.67
2019-04-13T19:51:08Z,36.198563,-85.538762,0.01,156.82
2019-04-13T19:51:09Z,36.198563,-85.538762,0.01,156.82
2019-04-13T19:51:09Z,36.198563,-85.538762,0.01,117.75
2019-04-13T19:51:09Z,36.198563,-85.538762,0.01,117.75
2019-04-13T19:51:09Z,36.198563,-85.538762,0.01,138.80
2019-04-13T19:51:10Z,36.198563,-85.538762,0.01,138.80
2019-04-13T19:51:10Z,36.198563,-85.538762,0.00,164.45
2019-04-13T19:51:10Z,36.198563,-85.538762,0.00,164.45
2019-04-13T19:51:10Z,36.198563,-85.538762,0.01,117.55
2019-04-13T19:51:11Z,36.198563,-85.538762,0.01,117.55
2019-04-13T19:51:11Z,36.198563,-85.538762,0.00,169.40
2019-04-13T19:51:11Z,36.198563,-85.538762,0.00,169.40
2019-04-13T19:51:11Z,36.198563,-85.538762,0.02,178.89
2019-04-13T19:51:12Z,36.198563,-85.538762,0.02,178.89
2019-04-13T19:51:12Z,36.198563,-85.538762,0.01,83.61
2019-04-13T19:51:12Z,36.198563,-85.538762,0.01,83.61
2019-04-13T19:51:12Z,36.198563,-85.538762,0.01,235.36
2019-04-13T19:51:13Z,36.198563,-85.538762,0.01,235.36
2019-04-13T19:51:13Z,36.198563,-85.538762,0.01,322.38
2019-04-13T19:51:13Z,36.198563,-85.538762,0.01,322.38
2019-04-13T19:51:13Z,36.198563,-85.538762,0.00,242.00
2019-04-13T19:51:14Z,36.198563,-85.538762,0.00,242.00
2019-04-13T19:51:14Z,36.198563,-85.538762,0.01,255.90
2019-04-13T19:51:14Z,36.198563,-85.538762,0.01,255.90
2019-04-13T19:51:14Z,36.198563,-85.538762,0.01,286.51
2019-04-13T19:51:15Z,36.198563,-85.538762,0.01,286.51
2019-04-13T19:51:15Z,36.198563,-85.538762,0.01,288.31
2019-04-13T19:51:15Z,36.198563,-85.538762,0.01,288.31
2019-04-13T19:51:15Z,36.198563,-85.538762,0.01,261.81
2019-04-13T19:51:16Z,36.198563,-85.538762,0.01,261.81
2019-04-13T19:51:16Z,36.198563,-85.538762,0.00,316.59
2019-04-13T19:51:16Z,36.198563,-85.538762,0.00,316.59
2019-04-13T19:51:16Z,36.198563,-85.538762,0.01,337.64
2019-04-13T19:51:17Z,36.198563,-85.538762,0.01,337.64
2019-04-13T19:51:17Z,36.198563,-85.538762,0.01,341.15
2019-04-13T19:51:17Z,36.198563,-85.538762,0.01,341.15
2019-04-13T19:51:17Z,36.198563,-85.538762,0.01,339.03
2019-04-13T19:51:18Z,36.198563,-85.538762,0.01,339.03
2019-04-13T19:51:18Z,36.198563,-85.538762,0.01,314.98
2019-04-13T19:51:18Z,36.198563,-85.538762,0.01,314.98
2019-04-13T19:51:18Z,36.198563,-85.538762,0.01,321.58
2019-04-13T19:51:19Z,36.198563,-85.538762,0.01,321.58
2019-04-13T19:51:19Z,36.198563,-85.538762,0.01,354.29
2019-04-13T19:51:19Z,36.198563,-85.538762,0.01,354.29
2019-04-13T19:51:19Z,36.198563,-85.538762,0.01,253.15
2019-04-13T19:51:20Z,36.198563,-85.538762,0.01,253.15
2019-04-13T19:51:20Z,36.198563,-85.538762,0.00,277.20
2019-04-13T19:51:20Z,36.198563,-85.538762,0.00,277.20
2019-04-13T19:51:20Z,36.198563,-85.538762,0.01,354.25
2019-04-13T19:51:21Z,36.198563,-85.538762,0.01,354.25
2019-04-13T19:51:21Z,36.198563,-85.538762,0.00,247.78
2019-04-13T19:51:21Z,36.198563,-85.538762,0.00,247.78
2019-04-13T19:51:21Z,36.198563,-85.538762,0.01,3.09
2019-04-13T19:51:22Z,36.198563,-85.538762,0.01,3.09
2019-04-13T19:51:22Z,36.198563,-85.538762,0.01,186.94
2019-04-13T19:51:22Z,36.198563,-85.538762,0.01,186.94
2019-04-13T19:51:22Z,36.198563,-85.538762,0.01,335.80
2019-04-13T19:51:23Z,36.198563,-85.538762,0.01,335.80
2019-04-13T19:51:23Z,36.198563,-85.538762,0.01,254.16
2019-04-13T19:51:23Z,36.198563,-85.538762,0.01,254.16
2019-04-13T19:51:23Z,36.198563,-85.538762,0.01,317.57
2019-04-13T19:51:24Z,36.198563,-85.538762,0.01,317.57
2019-04-13T19:51:24Z,36.198563,-85.538762,0.01,31.01
2019-04-13T19:51:24Z,36.198563,-85.538762,0.01,31.01
2019-04-13T19:51:24Z,36.198563,-85.538762,0.00,133.30
2019-04-13T19:51:25Z,36.198563,-85.538762,0.00,133.30
2019-04-13T19:51:25Z,36.198563,-85.538762,0.00,197.17
2019-04-13T19:51:25Z,36.198563,-85.538762,0.00,197.17
2019-04-13T19:51:25Z,36.198563,-85.538762,0.01,178.46
2019-04-13T19:51:26Z,36.198563,-85.538762,0.01,178.46
2019-04-13T19:51:26Z,36.198563,-85.538762,0.00,65.28
2019-04-13T19:51:26Z,36.198563,-85.538762,0.00,65.28
2019-04-13T19:51:26Z,36.198563,-85.538762,0.00,250.52
2019-04-13T19:51:27Z,36.198563,-85.538762,0.00,250.52
2019-04-13T19:51:27Z,36.198563,-85.538762,0.00,60.93
2019-04-13T19:51:27Z,36.198563,-85.538762,0.00,60.93
2019-04-13T19:51:27Z,36.198563,-85.538762,0.01,279.12
2019-04-13T19:51:28Z,36.198563,-85.538762,0.01,279.12
2019-04-13T19:51:28Z,36.198563,-85.538762,0.00,35.67
2019-04-13T19:51:28Z,36.198563,-85.538762,0.00,35.67
2019-04-13T19:51:28Z,36.198563,-85.538762,0.00,15.20
2019-04-13T19:51:29Z,36.198563,-85.538762,0.00,15.20
2019-04-13T19:51:29Z,36.198563,-85.538762,0.01,311.75
2019-04-13T19:51:29Z,36.198563,-85.538762,0.01,311.75
2019-04-13T19:51:29Z,36.198563,-85.538762,0.01,354.42
2019-04-13T19:51:30Z,36.198563,-85.538762,0.01,354.42
2019-04-13T19:51:30Z,36.198563,-85.538762,0.01,253.92
2019-04-13T19:51:30Z,36.198563,-85.538762,0.01,253.92
2019-04-13T19:51:30Z,36.198563,-85.538762,0.01,44.16
2019-04-13T19:51:31Z,36.198563,-85.538762,0.01,44.16
2019-04-13T19:51:31Z,36.198563,-85.538762,0.00,98.16
2019-04-13T19:51:31Z,36.198563,-85.538762,0.00,98.16
2019-04-13T19:51:31Z,36.198563,-85.538762,0.01,75.42
2019-04-13T19:51:32Z,36.198563,-85.538762,0.01,75.42
2019-04-13T19:51:32Z,36.198563,-85.538762,0.00,102.66
2019-04-13T19:51:32Z,36.198563,-85.538762,0.00,102.66
2019-04-13T19:51:32Z,36.198563,-85.538762,0.01,124.71
2019-04-13T19:51:33Z,36.198563,-85.538762,0.01,124.71
2019-04-13T19:51:33Z,36.198563,-85.538762,0.01,93.70
2019-04-13T19:51:33Z,36.198563,-85.538762,0.01,93.70
2019-04-13T19:51:33Z,36.198563,-85.538762,0.01,126.35
2019-04-13T19:51:34Z,36.198563,-85.538762,0.01,126.35
2019-04-13T19:51:34Z,36.198563,-85.538762,0.01,136.41
2019-04-13T19:51:34Z,36.198563,-85.538762,0.01,136.41
2019-04-13T19:51:34Z,36.198563,-85.538762,0.01,117.30
2019-04-13T19:51:35Z,36.198563,-85.538762,0.01,117.30
2019-04-13T19:51:35Z,36.198563,-85.538762,0.01,115.49
2019-04-13T19:51:35Z,36.198563,-85.538762,0.01,115.49
2019-04-13T19:51:35Z,36.198563,-85.538762,0.01,111.42
2019-04-13T19:51:36Z,36.198563,-85.538762,0.01,111.42
2019-04-13T19:51:36Z,36.198563,-85.538762,0.01,115.21
2019-04-13T19:51:36Z,36.198563,-85.538762,0.01,115.21
2019-04-13T19:51:36Z,36.198563,-85.538762,0.01,227.16
2019-04-13T19:51:37Z,36.198563,-85.538762,0.01,227.16
2019-04-13T19:51:37Z,36.198563,-85.538762,0.01,246.76
2019-04-13T19:51:37Z,36.198563,-85.538762,0.01,246.76
2019-04-13T19:51:37Z,36.198563,-85.538762,0.01,237.93
2019-04-13T19:51:38Z,36.198563,-85.538762,0.01,237.93
2019-04-13T19:51:38Z,36.198563,-85.538762,0.00,342.54
2019-04-13T19:51:38Z,36.198563,-85.538762,0.00,342.54
2019-04-13T19:51:38Z,36.198563,-85.538762,0.02,299.51
2019-04-13T19:51:39Z,36.198563,-85.538762,0.02,299.51
2019-04-13T19:51:39Z,36.198563,-85.538762,0.01,307.77
2019-04-13T19:51:39Z,36.198563,-85.538762,0.01,307.77
2019-04-13T19:51:39Z,36.198563,-85.538762,0.02,295.58
2019-04-13T19:51:40Z,36.198563,-85.538762,0.02,295.58
2019-04-13T19:51:40Z,36.198563,-85.538762,0.01,277.94
2019-04-13T19:51:40Z,36.198563,-85.538762,0.01,277.94
2019-04-13T19:51:40Z,36.198563,-85.538762,0.02,310.25
2019-04-13T19:51:41Z,36.198563,-85.538762,0.02,310.25
2019-04-13T19:51:41Z,36.198563,-85.538762,0.01,289.48
2019-04-13T19:51:41Z,36.198563,-85.538762,0.01,289.48
2019-04-13T19:51:41Z,36.198563,-85.538762,0.02,325.28
2019-04-13T19:51:42Z,36.198563,-85.538762,0.02,325.28
2019-04-13T19:51:42Z,36.198563,-85.538762,0.02,291.80
2019-04-13T19:51:42Z,36.198563,-85.538762,0.02,291.80
2019-04-13T19:51:42Z,36.198563,-85.538762,0.01,304.49
2019-04-13T19:51:43Z,36.198563,-85.538762,0.01,304.49
2019-04-13T19:51:43Z,36.198563,-85.538762,0.01,320.12
2019-04-13T19:51:43Z,36.198563,-85.538762,0.01,320.12
2019-04-13T19:51:43Z,36.198563,-85.538762,0.01,284.58
2019-04-13T19:51:44Z,36.198563,-85.538762,0.01,284.58
2019-04-13T19:51:44Z,36.198563,-85.538762,0.02,285.73
2019-04-13T19:51:44Z,36.198563,-85.538762,0.02,285.73
2019-04-13T19:51:44Z,36.198563,-85.538762,0.01,234.18
2019-04-13T19:51:45Z,36.198563,-85.538762,0.01,234.18
2019-04-13T19:51:45Z,36.198563,-85.538762,0.00,353.28
